0.199751 0.696865
0.156291 0.712802
0.20714 0.752361
0.0524864 0.737301
0.200537 0.708255
0.207559 0.698329
0.180958 0.725043
0.142082 0.654286
0.182775 0.754935
0.0992701 0.700805
0.187561 0.693555
0.240338 0.726868
0.113745 0.699525
0.0940212 0.674962
0.187733 0.745552
0.172489 0.719421
0.129099 0.745075
0.176816 0.7263
0.201207 0.716728
0.117697 0.693244
0.130928 0.725668
0.212672 0.723753
0.202077 0.726257
0.151901 0.696175
0.169175 0.73258
0.175758 0.700046
0.0973005 0.680159
0.151555 0.69144
0.134719 0.748488
0.257573 0.730033
0.17183 0.704411
0.17485 0.748115
0.134045 0.669592
0.199542 0.724125
0.213611 0.715414
0.23501 0.740198
0.155978 0.718257
0.174631 0.682503
0.149486 0.706449
0.136037 0.803404
0.140226 0.750573
0.158068 0.691727
0.169393 0.699596
0.109816 0.781335
0.12445 0.702984
0.165591 0.758395
0.154576 0.73926
0.164492 0.735889
0.168331 0.691705
0.169669 0.605353
0.194203 0.706402
0.18364 0.701719
0.166781 0.672709
0.14195 0.757723
0.11787 0.679527
0.157724 0.739355
0.157186 0.711463
0.131883 0.713687
0.150226 0.727314
0.155019 0.715065
0.162523 0.712897
0.170451 0.684719
0.141206 0.718421
0.178643 0.690266
0.141958 0.68791
0.206096 0.745819
0.133383 0.737612
0.161501 0.678644
0.178361 0.731965
0.219657 0.718509
0.203263 0.67322
0.134621 0.689694
0.161654 0.736049
0.135851 0.72654
0.160794 0.713942
0.187193 0.72498
0.204472 0.76597
0.188225 0.663657
0.167054 0.711361
0.165897 0.709806
0.167077 0.754028
0.139574 0.733623
0.119565 0.693703
0.133773 0.797718
0.154259 0.794688
0.171497 0.745749
0.219267 0.716891
0.138335 0.746081
0.200499 0.756629
0.163643 0.751672
0.170573 0.66317
0.144022 0.709606
0.193401 0.720897
0.147489 0.703635
0.237072 0.734427
0.149345 0.682975
0.182315 0.699632
0.0990463 0.723375
0.181266 0.738991
0.128692 0.687493
0.123563 0.746071
0.192474 0.732784
0.276916 0.759969
0.173247 0.734225
0.132606 0.69684
0.158631 0.730399
0.165247 0.643872
0.205539 0.690766
0.167314 0.700048
0.166249 0.709221
0.219808 0.694991
0.192329 0.704917
0.134 0.666345
0.186934 0.706381
0.171283 0.717364
0.16662 0.726471
0.246361 0.6844
0.159426 0.714506
0.183109 0.704529
0.119415 0.716453
0.227506 0.651333
0.173514 0.670198
0.187905 0.670384
0.133102 0.737735
0.139807 0.694487
0.192433 0.636845
0.179085 0.72282
0.181406 0.735531
0.166828 0.734029
0.155248 0.750301
0.188208 0.680491
0.168435 0.744249
0.127784 0.663129
0.139244 0.756875
0.167583 0.718569
0.205468 0.704926
0.205281 0.699023
0.144212 0.741434
0.190971 0.753511
0.163254 0.659008
0.0996305 0.787218
0.201912 0.710767
0.159719 0.723914
0.157165 0.713869
0.187404 0.727851
0.126266 0.713396
0.128581 0.765705
0.196926 0.686556
0.216798 0.771097
0.141243 0.746273
0.150703 0.708865
0.167706 0.673986
0.184943 0.664278
0.143311 0.729678
0.18004 0.705274
0.131624 0.670746
0.174602 0.66991
0.112424 0.686383
0.196056 0.713216
0.145989 0.725954
0.210221 0.696904
0.179033 0.716061
0.163166 0.675944
0.115396 0.713667
0.211995 0.668941
0.160005 0.814817
0.118415 0.717156
0.13291 0.762917
0.150359 0.672077
0.169653 0.678565
0.140844 0.686745
0.172115 0.69229
0.155074 0.732589
0.162035 0.69072
0.148594 0.718099
0.180228 0.734483
0.172378 0.731742
0.180068 0.753166
0.14744 0.727743
0.203038 0.733064
0.166424 0.715156
0.147524 0.686161
0.138033 0.687458
0.14906 0.718654
0.198649 0.74125
0.13961 0.741898
0.159978 0.722815
0.163803 0.651453
0.183789 0.694419
0.168824 0.663308
0.176601 0.726448
0.120858 0.709231
0.131599 0.702925
0.11408 0.774283
0.163082 0.711491
0.206923 0.737406
0.195718 0.680351
0.252076 0.731272
0.160332 0.70383
0.148333 0.711493
0.162312 0.771122
0.126787 0.738638
0.192251 0.724117
0.135025 0.774957
0.177715 0.749974
0.160236 0.677806
0.171129 0.691815
0.14336 0.724543
0.156192 0.73983
0.136317 0.729524
0.148488 0.728819
0.178951 0.746578
0.144471 0.730975
0.0706879 0.710042
0.114886 0.735099
0.267853 0.67289
0.114082 0.714513
0.12385 0.740228
0.219485 0.698554
0.149245 0.664143
0.176006 0.776214
0.177873 0.716787
0.154424 0.713114
0.113205 0.749339
0.160301 0.686626
0.213243 0.697197
0.187046 0.676624
0.164905 0.72035
0.190335 0.762686
0.169255 0.690012
0.163058 0.66305
0.51603 0.329506
0.400175 0.242397
0.345574 0.459967
0.406879 0.30198
0.424034 0.289576
0.526287 0.210978
0.321999 0.461873
0.434177 0.303514
0.367735 0.299419
0.252769 0.246649
0.439482 0.42951
0.300327 0.260635
0.434584 0.192853
0.384346 0.261872
0.259738 0.209689
0.410821 0.412129
0.430999 0.442521
0.347374 0.268256
0.417512 0.266464
0.294626 0.256868
0.360516 0.329468
0.436397 0.341896
0.531231 0.303335
0.403377 0.201948
0.513008 0.237228
0.397976 0.43794
0.294435 0.2738
0.307797 0.10506
0.319938 0.10801
0.372495 0.441592
0.340153 0.337111
0.327608 0.416848
0.192404 0.352362
0.453875 0.33769
0.530399 0.269476
0.478313 0.169592
0.411173 0.280795
0.379841 0.374329
0.367156 0.401927
0.299697 0.156431
0.37131 0.323995
0.275675 0.358632
0.36176 0.329054
0.469297 0.332871
0.346357 0.326522
0.361142 0.245961
0.310231 0.28491
0.461068 0.23118
0.452839 0.394462
0.333437 0.261483
0.447064 0.302838
0.262927 0.243164
0.473578 0.418806
0.322668 0.224574
0.303418 0.324458
0.286093 0.159641
0.37496 0.254071
0.50557 0.315968
0.404618 0.333108
0.301003 0.182642
0.292741 0.401001
0.356584 0.250108
0.34026 0.272183
0.247243 0.333359
0.346276 0.259231
0.23429 0.178359
0.211419 0.345095
0.277885 0.442681
0.493647 0.250187
0.300657 0.274886
0.278691 0.358746
0.507378 0.270544
0.421136 0.300375
0.521664 0.306189
0.373832 0.255263
0.41109 0.265568
0.431146 0.219936
0.351344 0.469183
0.483728 0.223395
0.44416 0.27474
0.495891 0.300957
0.237859 0.317035
0.551932 0.228668
0.438 0.317962
0.398766 0.39175
0.266054 0.255915
0.288226 0.303701
0.270008 0.263586
0.354807 0.386936
0.226186 0.246955
0.436183 0.354811
0.406339 0.180992
0.428798 0.432758
0.490052 0.403628
0.40925 0.201034
0.204747 0.238877
0.404267 0.214751
0.437341 0.230728
0.316513 0.301943
0.338713 0.219225
0.305672 0.315409
0.183133 0.226252
0.164951 0.287628
0.50312 0.322669
0.25842 0.32864
0.284178 0.289813
0.413911 0.440598
0.444531 0.337372
0.384337 0.248227
0.30669 0.346899
0.372462 0.214166
0.413677 0.191544
0.397087 0.334552
0.374436 0.139106
0.413351 0.454138
0.40205 0.183981
0.393744 0.215428
0.213956 0.387288
0.451252 0.411041
0.279451 0.378178
0.354272 0.364164
0.405801 0.250283
0.39229 0.362076
0.272617 0.20409
0.434442 0.201299
0.447117 0.356418
0.240715 0.301859
0.376036 0.296075
0.390239 0.363714
0.269432 0.389636
0.369976 0.181481
0.49159 0.264378
0.383637 0.296064
0.309655 0.0616458
0.35921 0.214886
0.382042 0.260327
0.359697 0.306439
0.347525 0.322417
0.387526 0.241968
0.294113 0.231248
0.258431 0.236739
0.364993 0.376069
0.368292 0.316038
0.454632 0.379651
0.423187 0.130694
0.272238 0.342181
0.426557 0.201285
0.35005 0.256567
0.45523 0.29714
0.438972 0.320242
0.494854 0.207477
0.344815 0.384374
0.302686 0.352145
0.365776 0.50044
0.473965 0.425169
0.319558 0.145837
0.482682 0.349016
0.334297 0.315476
0.401972 0.237424
0.416429 0.270283
0.325998 0.196255
0.382368 0.295158
0.357987 0.338052
0.358235 0.249325
0.43814 0.228922
0.350899 0.265058
0.322085 0.299016
0.300141 0.441131
0.504722 0.251595
0.487842 0.299142
0.380402 0.381658
0.48684 0.256431
0.425911 0.428141
0.460336 0.296847
0.365553 0.246015
0.403574 0.367348
0.386641 0.270317
0.321118 0.42943
0.148903 0.302156
0.416616 0.35809
0.456892 0.301308
0.296542 0.260056
0.458698 0.245113
0.43443 0.237419
0.39824 0.268643
0.298378 0.332362
0.288245 0.152507
0.487852 0.241217
0.427445 0.253829
0.492512 0.26566
0.194067 0.406569
0.367982 0.320282
0.303357 0.378
0.454667 0.273572
0.371875 0.338328
0.346544 0.228411
0.268454 0.266355
0.253752 0.366335
0.349831 0.429931
0.339762 0.352186
0.320626 0.366721
0.353341 0.223411
0.32582 0.403488
0.314459 0.247741
0.375824 0.335118
0.358542 0.373798
0.357621 0.22665
0.280496 0.322568
0.342323 0.271724
0.405194 0.28309
0.385319 0.236111
0.429673 0.0913051
0.460129 0.253667
0.326503 0.212344
0.352268 0.17237
0.374848 0.251142
0.297124 0.314175
0.263375 0.236697
0.274327 0.239476
0.367419 0.329856
0.435778 0.298664
0.421685 0.152646
0.422308 0.435399
0.311856 0.269876
0.343811 0.299536
0.411201 0.192925
0.26024 0.294752
0.402169 0.321601
0.368174 0.263258
0.472738 0.232808
0.401561 0.302394
0.41354 0.298077
0.177844 0.151035
0.389258 0.232556
0.305518 0.126468
0.353782 0.313601
0.351385 0.526674
0.353298 0.32122
0.485995 0.27384
0.271435 0.279059
0.346667 0.210734
0.279311 0.265821
0.391965 0.352504
0.360791 0.144546
0.217163 0.167983
0.48771 0.26224
0.269422 0.336996
0.322179 0.309033
0.424084 0.236275
0.406697 0.290735
0.264689 0.317923
0.234244 0.298955
0.338069 0.349335
0.336141 0.249657
0.368559 0.207882
0.420984 0.295985
0.395478 0.293716
0.361211 0.371149
0.305588 0.29849
0.24402 0.225299
0.337165 0.301147
0.371887 0.270315
0.373873 0.415357
0.371667 0.159216
0.286969 0.335517
0.289769 0.399219
0.451999 0.308984
0.350251 0.362079
0.484193 0.420576
0.455851 0.274374
0.299913 0.249259
0.431807 0.292734
0.538212 0.232376
0.413841 0.245501
0.38206 0.407376
0.143914 0.426071
0.433129 0.301009
0.169516 0.0170102
0.150072 0.0474509
0.0853749 -0.11135
0.0963231 0.011815
0.00621269 0.023216
-0.0635785 -0.00965935
0.23828 0.0930549
0.0704456 -0.0636391
0.0160444 -0.0916637
0.086551 0.0765831
0.0726378 -0.0918124
0.105414 0.0872377
0.159989 0.0681915
0.100037 0.00500415
0.177777 -0.0108122
0.143015 0.058094
0.0845101 -0.0381378
0.0730631 0.0586993
0.231614 0.141367
0.0202634 -0.00878701
-0.0280474 -0.101987
0.0184943 -0.0547752
0.0737284 0.00864917
0.0398314 -0.0589149
0.119737 -0.0477834
0.0739496 -0.100892
0.131207 0.117621
-0.00070226 -0.0236614
0.121505 -0.058258
-0.0308408 -0.208866
0.0449046 -0.0378356
0.149299 0.0701227
-0.033981 -0.0812538
0.0949583 0.0295911
0.00974849 -0.0410406
-0.0242073 -0.0809086
0.032004 0.0576194
-0.00987046 0.00854082
0.0869865 0.07768
-0.0300585 0.102316
0.0457635 -0.101351
0.131213 -0.0593031
-0.033345 -0.0497954
0.0353318 -0.0548328
0.14016 0.0912527
-0.0680782 0.076963
0.144729 -0.138226
0.0297247 -0.134576
-0.0119522 -0.0454797
0.0980345 -0.0328557
0.0446618 -0.079376
0.0737023 -0.126708
0.26851 0.0739542
0.098118 -0.0859271
0.225677 -0.0562298
-0.0656564 0.0982206
0.00828476 -0.0583984
0.134775 0.0275494
0.186391 0.0638796
-0.0630461 0.0605936
0.0541345 -0.03052
-0.0895242 0.0228802
0.0172618 0.106511
-0.0211892 -0.123272
0.192794 -0.0346111
0.0853026 -0.0416937
0.172602 0.030448
0.0196175 0.0329285
0.182769 -0.174028
-0.138468 -0.0931103
0.0501044 -0.0581525
-0.0710392 0.0163817
0.0804634 -0.0760199
0.0295061 0.116218
0.0327761 -0.197276
0.0725205 -0.0764253
-0.0445175 0.00191111
0.0653571 -0.169884
0.0909567 0.0845535
0.0932566 0.0419059
0.141854 0.17776
0.114793 0.0119093
0.0870978 0.0877113
-0.0863737 -0.128759
-0.0213793 -0.11823
0.192283 0.0899277
0.0609798 0.0530499
0.156516 -0.0876379
0.00367908 -0.100011
0.129725 -0.0522588
-0.015485 -0.105256
-0.0507216 0.110324
0.225555 -0.0955748
0.14256 0.0752606
0.0685264 0.0456119
-0.0570444 -0.0279984
0.00817195 -0.129797
0.143267 -0.0127017
0.0614962 0.0328785
0.108137 -0.10141
0.196097 0.167612
0.0564103 -0.0438434
0.0456609 -0.0539488
-0.028601 -0.0273732
-0.0537887 -0.172161
0.0494214 -0.0718184
0.0384749 0.130174
0.121411 -0.0716346
0.101858 0.000889771
0.253937 0.0643509
0.169618 -0.0821644
0.0721658 -0.186583
0.0244803 0.101648
-0.0417947 -0.148906
0.133826 0.167327
-0.0125641 0.0976679
0.141413 0.0634701
0.239426 -0.0198444
0.0788269 -0.0896144
-0.018429 0.0198281
0.106747 -0.0185692
-0.117835 0.00144161
0.10554 0.0647078
0.0592072 0.097892
-0.0805335 -0.124943
0.0314595 -0.186909
0.175903 0.0270638
0.0972878 -0.111256
0.178313 0.0130628
0.15171 0.115374
-0.0864281 -0.101351
0.0655842 -0.0629973
0.0964489 -0.0332402
0.0599315 0.0679201
-0.00951154 -0.136033
0.015063 0.159445
0.131324 0.0923683
0.0735411 -0.140786
0.112985 -0.0800126
0.039282 0.0233677
0.0366189 0.0299125
0.0937925 -0.0513732
0.122837 0.0491639
0.212514 -0.0229205
-0.0290648 0.0114436
0.139542 0.0797253
0.0764874 -0.0410119
0.123319 -0.0680721
0.0422498 -0.20638
0.220515 -0.139206
-0.0707908 0.0244128
0.206413 0.062804
0.0241577 0.0378006
0.0981055 -0.105683
0.0513899 0.26625
0.157165 -0.0977653
0.0815671 -0.147267
-0.0234036 0.180304
0.191859 -0.0360548
0.00754057 -0.039945
0.095176 0.0296888
-0.124775 -0.121905
0.0721018 -0.215102
0.225357 0.0124227
-0.0326732 -0.163057
0.208866 -0.0823214
0.0839766 0.0711019
0.184296 0.0510997
0.890981 0.0148298
0.885225 0.0385323
0.968034 0.00737669
0.964778 -0.0647286
1.03327 -0.00853017
0.876574 0.0373718
0.954509 0.0201199
0.87135 -0.051427
0.943467 0.0472104
0.956153 -0.00398691
0.943228 0.0440384
0.879963 0.0515038
0.966683 0.0660767
0.891293 0.00462888
0.898138 0.0215826
0.916423 -0.0128156
0.9181 0.0173294
0.957232 0.0734122
0.942148 0.0413499
0.884583 -0.0331456
0.941837 0.0766744
0.891816 0.0221377
0.93424 -0.0267173
0.952188 0.00203575
0.884507 0.0346364
0.961563 -0.0119913
0.905229 -0.0294539
0.921062 0.0875455
0.873428 -0.00494773
0.94472 0.00158221
0.894945 0.064063
0.884727 0.0323031
0.939883 0.0367638
0.930977 0.060135
0.989412 0.0684684
0.929591 -0.00127604
0.93873 0.0568061
0.908584 0.0105331
1.00141 0.0408235
0.842471 -0.024208
0.940388 0.046663
0.839764 0.0642534
0.926793 0.0426345
0.944967 0.00207118
0.927269 0.0455224
0.908385 0.0381394
0.926878 0.0359206
0.87181 0.0701604
0.873721 0.026291
0.913007 0.00981763
0.931812 -0.0148418
0.924069 -0.0192157
0.927656 0.01484
0.924388 0.0468637
0.864121 -0.0269547
0.975186 0.040052
0.937141 0.0671027
0.931453 0.0541092
0.985292 -0.0455245
0.94204 0.0817369
0.904744 -0.0604528
0.922257 0.0318458
0.900157 -0.0535061
0.906654 -0.022095
0.963681 0.0302074
0.968799 -0.0404397
0.944346 0.113818
0.858557 0.032514
0.932101 -0.0127146
0.912382 0.0203725
0.925271 -0.0184481
0.95538 0.018182
0.841848 0.0884488
0.860833 0.000245005
0.907218 -0.00649303
0.874218 0.0454918
0.941855 0.0414661
0.922929 -0.00822832
1.02612 0.0278347
0.854926 -0.00655541
0.964676 0.0731353
0.908361 0.0418527
0.914972 0.0262477
0.921997 -0.0105228
0.918715 0.0285755
0.93833 0.0562939
0.937454 -0.00927842
0.952431 0.0491341
0.873105 0.01508
0.977624 0.0272481
0.949813 -0.0121454
0.928352 -0.0564136
0.940736 0.0608556
0.920211 -0.0459492
0.915423 -0.00672526
0.904462 0.0187944
0.953933 0.0290092
0.952766 0.0827014
0.842406 0.00149137
0.890053 0.105742
0.831592 0.0310065
0.948432 0.0391444
0.954298 -0.050243
0.85389 0.00122818
0.851496 0.00832381
0.914066 0.0136173
0.956672 0.0290367
0.944069 0.0283869
1.01149 0.0037716
0.981437 0.0126206
0.913521 -0.0111994
0.867668 -0.081313
0.94457 -0.0103422
0.874606 -0.0355901
0.944167 -0.0102186
0.859548 0.000629678
0.851775 0.00849498
0.962651 -0.0328154
0.896027 0.0260848
0.874728 0.0165269
0.916601 -0.0568862
0.918298 0.0380657
0.941755 -0.00288026
0.926118 0.0939488
1.01974 -0.0197032
0.916502 0.0267388
1.01863 0.036296
0.990527 0.00892697
0.852571 -0.0289513
0.955244 0.0322746
0.909365 0.0491532
0.968307 -0.00707967
0.997723 -0.00649889
0.903658 -0.0220604
0.945065 -0.0225773
0.963053 -0.0410994
0.9964 -0.00430404
0.984632 0.0427003
0.954982 0.0472974
0.929332 0.00541224
0.885132 -0.0901615
0.966114 0.037897
0.94495 -0.013124
0.999228 0.061617
0.905996 -0.0208246
0.944638 0.0443261
0.850732 0.0226391
0.914595 -0.0535949
0.943808 0.0180214
0.955809 0.00808818
0.889501 -0.0293298
0.901106 0.00170925
0.927066 -0.00429107
0.996117 0.0367457
0.897489 0.0448132
0.918821 0.0651198
0.89503 0.0267754
0.868766 0.0480403
0.941974 0.0604441
0.915906 0.0432488
0.934996 -0.0459311
0.863915 -0.000229347
0.919514 0.0224478
0.878442 -0.039479
0.960096 0.0100944
0.924268 -0.0155582
0.902493 0.00375772
0.933286 -0.0568395
0.897182 -0.00772732
0.939066 0.093592
0.890146 -0.0190197
0.896435 -0.00349057
0.886987 -0.0719935
0.930294 0.039919
0.924588 0.0568319
0.947969 0.00709464
0.925756 -0.0478823
0.896771 0.00931758
0.865932 -0.024263
0.868693 0.0389305
0.89741 0.0496939
0.856293 -0.000430264
0.984262 0.0364339
0.90134 0.000628356
0.812982 0.0668273
0.87163 -0.0258616
0.916408 -0.0267644
0.934029 0.0681309
0.907619 0.036761
0.935439 -0.0166554
0.838646 0.0859081
0.904188 -0.0201634
0.824664 -0.0706218
0.950727 -0.047652
0.905362 0.0364075
0.986453 0.0325118
0.951604 -0.0332234
0.889556 0.00531285
0.949413 -0.0238609
0.943199 -0.0120354
0.914437 0.0138886
0.905075 0.0810754
0.913884 -0.0203459
0.900101 -0.0567375
0.965711 -0.00175968
0.856879 -0.0260318
0.973681 -0.0269891
0.917743 -0.0173126
0.342285 0.247927
0.345169 0.257299
0.351656 0.259233
0.346936 0.263774
0.341807 0.263132
0.331774 0.258249
0.317063 0.269778
0.360091 0.244894
0.333953 0.261876
0.347019 0.269437
0.325086 0.259125
0.337551 0.270722
0.360608 0.279416
0.317635 0.274131
0.331439 0.245293
0.366789 0.265272
0.357837 0.257045
0.350581 0.25996
0.361578 0.270905
0.329398 0.261081
0.327439 0.254937
0.346507 0.251427
0.325318 0.267131
0.343407 0.272848
0.336127 0.266972
0.341261 0.259585
0.330113 0.231616
0.349854 0.254272
0.343621 0.257489
0.32866 0.275124
0.329461 0.248872
0.341932 0.258429
0.308397 0.268039
0.34717 0.268048
0.334187 0.246351
0.327698 0.261443
0.365395 0.272965
0.347476 0.272618
0.339711 0.232584
0.332951 0.250898
0.325685 0.278194
0.351764 0.271791
0.33335 0.253746
0.343742 0.261005
0.349927 0.275565
0.355359 0.261263
0.330502 0.271571
0.350005 0.242649
0.341531 0.252064
0.327411 0.266267
0.351385 0.264629
0.340354 0.249475
0.347346 0.254123
0.331319 0.282617
0.33474 0.263503
0.351656 0.249281
0.339814 0.271642
0.32471 0.27028
0.349613 0.272523
0.353708 0.262266
0.334888 0.273258
0.336184 0.266604
0.350015 0.264633
0.334181 0.280498
0.348201 0.270613
0.328364 0.241265
0.353162 0.247533
0.349995 0.264236
0.33963 0.275887
0.368895 0.232355
0.337901 0.27879
0.34909 0.240355
0.344425 0.236763
0.346164 0.257486
0.357172 0.257151
0.337686 0.261568
0.357781 0.250009
0.359052 0.250935
0.352415 0.263295
0.345307 0.282103
0.324066 0.25123
0.342481 0.274866
0.334384 0.289219
0.337916 0.271348
0.336636 0.25031
0.368451 0.263053
0.344274 0.263464
0.332845 0.256304
0.35326 0.251299
0.340629 0.275171
0.340893 0.227094
0.335112 0.261018
0.333421 0.262165
0.336037 0.263504
0.318797 0.253299
0.331035 0.279187
0.359204 0.253241
0.336882 0.259493
0.343489 0.262106
0.340082 0.265646
0.349598 0.247676
0.361018 0.247665
0.333178 0.266097
0.325647 0.259332
0.359907 0.262435
0.359889 0.241777
0.351058 0.241276
0.329054 0.261333
0.325502 0.266569
0.325627 0.239942
0.338059 0.251143
0.337428 0.273651
0.345891 0.268469
0.345561 0.269629
0.342032 0.276284
0.340341 0.267638
0.349259 0.247098
0.327602 0.262489
0.357374 0.258187
0.346612 0.264981
0.344152 0.240784
0.335349 0.262507
0.330011 0.277798
0.338177 0.266009
0.353894 0.240061
0.331185 0.261102
0.326957 0.278735
0.348966 0.276577
0.340449 0.258742
0.335487 0.266044
0.336524 0.253509
0.337109 0.273534
0.358768 0.27526
0.356338 0.257538
0.351285 0.252286
0.339818 0.261692
0.348553 0.24378
0.332321 0.251009
0.354023 0.269355
0.346584 0.257774
0.351062 0.283974
0.343841 0.268092
0.356207 0.245617
0.355443 0.289168
0.354283 0.268419
0.359008 0.257028
0.359424 0.273771
0.330013 0.252495
0.3153 0.239832
0.329618 0.250482
0.340526 0.289525
0.342313 0.253179
0.324838 0.223752
0.339602 0.255227
0.339483 0.255814
0.340599 0.256772
0.350043 0.266626
0.338242 0.271001
0.34829 0.263382
0.337906 0.261119
0.343329 0.267982
0.323835 0.286287
0.333255 0.269432
0.343964 0.245975
0.340915 0.246519
0.349478 0.256543
0.339739 0.248671
0.317883 0.258129
0.351278 0.249686
0.330924 0.283594
0.360174 0.257673
0.341671 0.275176
0.321056 0.27129
0.328916 0.242089
0.370766 0.243603
0.353936 0.243336
0.358384 0.269452
0.338698 0.238444
0.358739 0.253816
0.339132 0.273971
0.355538 0.257105
0.332455 0.268315
0.339933 0.251923
0.353817 0.252592
0.333233 0.248328
0.333028 0.278911
0.339227 0.238681
0.351325 0.266446
0.365965 0.265803
0.345727 0.239363
0.36137 0.257271
0.349302 0.259696
0.35195 0.240608
0.378952 0.243684
0.34967 0.246284
0.337714 0.253826
0.360424 0.247551
0.350732 0.246369
0.321318 0.2335
0.339499 0.288922
0.345597 0.238802
0.313133 0.274379
0.308924 0.237379
0.343278 0.251655
0.339261 0.280098
0.352325 0.27165
0.331303 0.251843
0.355999 0.260945
0.335536 0.253579
0.362364 0.241017
0.352095 0.266351
0.320138 0.250566
0.349626 0.246766
0.317361 0.263605
0.338615 0.272341
0.339987 0.250019
0.330674 0.260412
0.355128 0.279703
0.334402 0.273082
0.347247 0.268913
0.337682 0.291713
0.336485 0.248372
0.345761 0.267474
0.33726 0.251129
0.35145 0.26152
0.327119 0.243896
0.340668 0.250877
0.332739 0.234122
0.330135 0.270065
0.337054 0.271681
0.336364 0.24129
0.342301 0.256805
0.372197 0.244915
0.350484 0.255213
0.359608 0.288326
0.32865 0.255431
0.34658 0.236633
0.332617 0.272743
0.336631 0.244704
0.36517 0.24801
0.350818 0.271965
0.3305 0.283667
0.329821 0.259764
0.350873 0.266237
0.345999 0.269406
0.348519 0.266686
0.355017 0.274052
0.354515 0.277523
0.325041 0.25349
0.345325 0.256372
0.352988 0.250154
0.351652 0.274647
0.351908 0.265041
0.339913 0.257572
0.386731 0.2572
0.321445 0.267922
0.332512 0.271207
0.349595 0.270708
0.358418 0.231694
0.363566 0.240095
0.363553 0.256533
0.332283 0.229671
0.340083 0.253543
0.337804 0.245401
0.347705 0.254797
0.331611 0.235266
0.323069 0.269378
0.334845 0.243619
0.339346 0.284985
0.569072 0.818376
0.594524 0.876425
0.538514 0.805375
0.569217 0.767424
0.608218 0.918011
0.597723 0.849308
0.470472 0.90101
0.536509 0.86422
0.493244 0.905003
0.571761 0.906305
0.503071 0.776368
0.656708 1.01305
0.55557 0.812598
0.645769 0.836514
0.662375 0.890962
0.423636 0.910027
0.530351 0.885747
0.616469 0.90517
0.541845 0.861655
0.463809 0.9078
0.541925 0.93715
0.599811 0.869773
0.468047 0.817386
0.560757 0.905658
0.549737 0.806496
0.537164 0.987462
0.560115 1.01311
0.466746 0.865307
0.549909 0.841975
0.526998 0.885715
0.518788 0.785986
0.601894 0.891477
0.49927 0.938104
0.679939 0.811526
0.630762 0.788323
0.415432 0.847318
0.595951 0.942659
0.555261 0.876973
0.626711 0.926863
0.503672 0.819256
0.58312 0.983406
0.56179 0.906622
0.625825 0.892002
0.587819 0.829746
0.552406 0.849688
0.623084 0.856249
0.403756 0.881671
0.572737 0.773056
0.47855 0.907929
0.5827 0.753398
0.590554 0.947967
0.568559 0.745046
0.539877 0.850382
0.666893 0.846784
0.679196 0.810163
0.493035 0.918673
0.612293 0.81822
0.514701 0.797084
0.588472 0.831456
0.476359 0.91141
0.511898 0.772393
0.400998 0.871582
0.508494 0.790198
0.57278 0.878489
0.605512 0.905112
0.40601 0.873082
0.560818 0.861634
0.61826 0.86343
0.643625 0.846352
0.530793 0.775316
0.546867 1.05398
0.573223 0.848414
0.587139 0.805346
0.48243 0.830874
0.48979 0.86925
0.497764 0.910332
0.539953 0.867874
0.671724 0.835915
0.576997 0.891513
0.631316 0.815185
0.474026 0.894021
0.57252 0.878001
0.605255 0.87539
0.523324 0.818471
0.494337 0.835402
0.565998 0.819027
0.558796 0.817892
0.564 0.914152
0.475229 0.89883
0.501896 0.831264
0.645722 0.947458
0.533516 0.803586
0.584402 0.915631
0.563606 0.870419
0.588028 0.839795
0.499111 0.938048
0.572858 0.887158
0.571676 0.853364
0.552233 0.926004
0.532082 0.856341
0.641832 0.930233
0.447148 0.947383
0.584662 0.980134
0.519819 0.834323
0.518914 0.768968
0.54474 0.934573
0.574524 0.906141
0.655283 0.912722
0.5249 0.82596
0.663292 0.811244
0.39497 0.965179
0.589928 0.852718
0.523824 0.762358
0.497909 0.9587
0.611783 0.84615
0.470127 0.791473
0.581478 0.938191
0.590902 0.959741
0.666031 0.827099
0.633792 0.755845
0.524646 0.963203
0.528165 0.851718
0.507749 0.859587
0.454762 0.918911
0.536045 0.806462
0.585104 0.872821
0.602753 0.769721
0.599628 0.894032
0.595896 0.92703
0.543047 0.875152
0.613044 0.891457
0.596967 0.936063
0.42795 0.803688
0.619717 0.849136
0.431544 0.812987
0.679057 0.85944
0.446728 0.909939
0.551917 0.770271
0.453364 0.803453
0.604916 0.969953
0.540999 0.812491
0.470289 0.768466
0.603014 0.752813
0.534001 0.911067
0.560726 1.03854
0.562654 1.00226
0.463131 0.797928
0.545877 0.833612
0.439927 0.904962
0.678061 0.846133
0.604528 0.854009
0.5025 0.856939
0.612806 0.991466
0.58135 0.950342
0.579132 0.803196
0.500119 0.816818
0.631992 0.975289
0.536683 0.924532
0.603815 0.997905
0.577039 0.832947
0.485053 0.88755
0.648521 0.706823
0.549078 0.841483
0.511404 0.978935
0.485218 0.853601
0.557404 0.859937
0.558796 0.816386
0.52293 0.800706
0.510455 0.916923
0.438015 0.912501
0.604803 0.842666
0.589379 0.850599
0.537137 0.858857
0.620472 0.955247
0.558205 0.845664
0.625299 0.903022
0.498213 0.970677
0.578598 0.89766
0.454409 0.845123
0.535136 0.922926
0.581369 0.949823
0.536167 0.882707
0.584444 0.854936
0.489522 0.954096
0.526519 0.930119
0.439817 0.885194
0.47876 0.829208
0.59921 0.989811
0.627056 0.898881
0.470852 0.886417
0.48725 0.85833
0.643545 0.86907
0.581502 0.80847
0.552575 0.849755
0.623389 0.904805
0.559593 0.892663
0.486168 0.885639
0.555349 0.925376
0.480652 0.826105
0.575437 0.762419
0.597422 0.929144
0.650332 0.866613
0.542343 0.881567
0.617927 0.311119
0.652842 0.345126
0.543321 0.41019
0.572128 0.376578
0.636478 0.474732
0.629011 0.404849
0.592623 0.34973
0.594029 0.37961
0.539964 0.352766
0.630623 0.388635
0.632072 0.377455
0.568493 0.390293
0.575912 0.306319
0.600172 0.377832
0.67415 0.371947
0.612018 0.373571
0.597768 0.408459
0.596697 0.342494
0.608433 0.36643
0.609243 0.378232
0.574906 0.327343
0.53846 0.312944
0.523267 0.395007
0.634674 0.414919
0.643483 0.348778
0.597413 0.350719
0.621334 0.356003
0.611212 0.387759
0.563333 0.273555
0.646187 0.403404
0.570812 0.403219
0.568554 0.353758
0.60734 0.298327
0.598569 0.375472
0.684129 0.314907
0.581659 0.398084
0.63737 0.365648
0.655443 0.373748
0.561607 0.346308
0.641477 0.428275
0.628735 0.436426
0.572975 0.389824
0.645378 0.381369
0.635526 0.470943
0.578922 0.440606
0.588258 0.447589
0.671667 0.368356
0.641785 0.333992
0.575953 0.373179
0.571016 0.367953
0.727198 0.364079
0.639278 0.335797
0.58437 0.46923
0.705286 0.380294
0.553237 0.382283
0.546449 0.412538
0.596683 0.368831
0.594961 0.412584
0.65081 0.351234
0.662759 0.389731
0.649626 0.428133
0.587894 0.336822
0.549986 0.381481
0.62115 0.387008
0.603221 0.34736
0.573006 0.388423
0.577403 0.385699
0.590867 0.378108
0.539569 0.350415
0.675803 0.374183
0.628028 0.372667
0.684915 0.332803
0.632066 0.382427
0.604142 0.439239
0.59002 0.393488
0.661579 0.39347
0.599206 0.379144
0.682411 0.422597
0.595474 0.387322
0.558268 0.376643
0.571473 0.410985
0.63898 0.414971
0.689294 0.402095
0.636581 0.397708
0.617426 0.410171
0.660211 0.393853
0.561904 0.373647
0.638731 0.379616
0.645863 0.329493
0.554491 0.375143
0.559747 0.378018
0.562515 0.358795
0.61163 0.447571
0.534671 0.376246
0.623812 0.411122
0.546735 0.317363
0.59555 0.385684
0.635856 0.478925
0.639715 0.413065
0.603725 0.418072
0.645328 0.455822
0.608498 0.285746
0.679374 0.355086
0.560871 0.367935
0.586388 0.36081
0.657933 0.399824
0.659699 0.366335
0.631946 0.38683
0.522235 0.410226
0.68547 0.252279
0.615603 0.3765
0.551888 0.347054
0.557924 0.42699
0.53919 0.503265
0.569565 0.403229
0.632154 0.385844
0.587047 0.430343
0.674474 0.393459
0.51777 0.273757
0.550526 0.392349
0.579973 0.308997
0.636309 0.350293
0.559565 0.351477
0.658199 0.345758
0.578748 0.401409
0.655584 0.394899
0.566392 0.362188
0.645904 0.345605
0.672789 0.366303
0.652781 0.408337
0.631176 0.459597
0.757467 0.41189
0.774987 0.365426
0.811528 0.332385
0.690454 0.50013
0.747941 0.2552
0.74768 0.306182
0.719774 0.397139
0.703167 0.383558
0.916294 0.331729
0.663689 0.341001
0.740496 0.465914
0.779945 0.158796
0.78369 0.278517
0.648068 0.493484
0.6704 0.201066
0.676373 0.286057
0.773239 0.329465
0.640217 0.20425
1.01187 0.386917
0.701055 0.0778973
0.741058 0.275981
0.712379 0.443555
0.737056 0.182738
0.784878 0.353914
0.829508 0.367497
0.735413 0.269154
0.760829 0.442452
0.679098 0.455129
0.716157 0.376099
0.730179 0.245078
0.63588 0.374773
0.840813 0.447781
0.752373 0.31147
0.533402 0.280751
0.604394 0.365305
0.61543 0.177022
0.87692 0.281537
0.847517 0.340343
0.742806 0.246839
0.692097 0.247184
0.703327 0.161983
0.656878 0.250868
0.966465 0.294348
0.542787 0.320132
0.75927 0.314434
0.725371 0.426202
0.769903 0.37043
0.815178 0.0463132
0.795601 0.263366
0.633218 0.223013
0.660311 0.356652
0.757921 0.384588
0.833562 0.53866
0.683323 0.333325
0.639234 0.27756
0.805888 0.496513
0.705589 0.483527
0.788994 0.481167
0.722126 0.445349
0.807076 0.315808
0.801943 0.332394
0.833278 0.425758
0.716117 0.357427
0.815067 0.464195
0.905564 0.173866
0.672212 0.407577
0.824278 0.333943
0.544411 0.198569
0.636909 0.406156
0.786597 0.320235
0.746111 0.372345
0.589094 0.213694
0.791824 0.441097
0.683168 0.346912
0.740286 0.321163
0.819066 0.183168
0.741344 0.362837
0.878373 0.29937
0.63846 0.421428
0.76413 0.262926
0.608017 0.253919
0.67254 0.414489
0.807357 0.510947
0.831109 0.219121
0.638031 0.301438
0.898009 0.458834
0.669648 0.368111
0.637406 0.314494
0.955804 0.401035
0.755958 0.425102
0.82418 0.360442
0.876347 0.236768
0.814378 0.252718
0.691209 0.248576
0.828136 0.286254
0.809446 0.214138
0.683767 0.191956
0.730279 0.457789
0.734437 0.29512
0.678712 0.368978
0.863856 0.288364
0.730861 0.248565
0.779101 0.363749
0.644663 0.318169
0.741232 0.29181
0.722824 0.223656
0.667962 0.380539
0.892208 0.3663
0.787641 0.378312
0.7183 0.377279
0.719347 0.355291
0.607578 0.263581
0.688744 0.208595
0.602183 0.169155
0.700147 0.205423
0.740316 0.284988
0.746412 0.273336
0.692455 0.541467
0.611675 0.298573
0.697394 0.547314
0.813586 0.377602
0.876737 0.209206
0.493676 0.340225
0.713117 0.372931
0.721087 0.568183
0.791155 0.52
0.717453 0.344557
0.861445 0.272729
0.562202 0.17819
0.846911 0.395748
0.80198 0.39301
0.948713 0.440746
0.677824 0.382288
0.747959 0.485316
0.716532 0.106431
0.630883 0.244639
0.646807 0.260405
0.919187 0.434378
0.761559 0.492119
0.839818 0.292338
0.588511 0.321875
0.721472 0.492682
0.688456 0.262968
0.598589 0.376495
0.841627 0.352684
0.594369 0.256077
0.898188 0.516339
0.7289 0.330499
0.555661 0.244807
0.759369 0.379955
0.601658 0.40462
0.712013 0.454023
0.597089 0.356687
0.627204 0.316911
0.742543 0.40903
0.743736 0.463505
0.852326 0.155867
0.700714 0.431503
1.044 0.265949
0.79592 0.452152
0.676133 0.332497
0.678367 0.37205
0.670282 0.330247
0.824468 0.266303
0.825958 0.262544
0.958781 0.445617
0.815432 0.260632
0.725858 0.359885
0.75654 0.33427
0.821363 0.383831
0.800166 0.470732
0.854023 0.191031
0.779142 0.242785
0.716339 0.313104
0.817692 0.256126
0.571707 0.305798
0.601477 0.384169
0.78424 0.217032
0.483584 0.438139
0.671176 0.379322
0.907927 0.203054
0.786995 0.370476
0.591808 0.393595
0.825779 0.156903
0.86222 0.247914
0.744926 0.341033
0.763712 0.290532
0.833927 0.212711
0.808761 0.405522
0.7242 0.309946
0.553808 0.25494
0.679406 0.336417
0.818068 0.394555
0.682142 0.107242
0.836576 0.405108
0.756087 0.187558
0.579892 0.411113
0.842129 0.338321
0.802789 0.344819
0.806589 0.425766
0.794248 0.399505
0.921903 0.355023
0.745706 0.411396
0.677049 0.297385
0.710649 0.227753
0.812255 0.149327
0.695445 0.37234
0.848945 0.248939
0.741629 0.404989
0.686877 0.291764
0.710945 0.300483
0.708076 0.306174
0.599819 0.390729
0.604027 0.327034
0.919723 0.0651608
0.731654 0.253253
0.768282 0.260546
0.842556 0.2575
0.698511 0.359772
0.762857 0.0442098
0.606044 0.360725
0.879441 0.372991
0.821195 0.280387
0.836668 0.302565
0.766228 0.356312
0.793153 0.476201
0.827385 0.203357
0.553675 0.454336
0.649387 0.314776
0.820573 0.486877
0.739007 0.29382
0.594747 0.258591
0.766619 0.360468
0.747629 0.322244
0.75243 0.206932
0.505015 0.776086
0.781502 0.872529
0.564476 0.719459
0.623949 0.694019
0.547195 0.696454
0.37731 0.813062
0.687586 0.586491
0.599074 0.611922
0.403593 0.736154
0.501778 0.664033
0.738142 0.591516
0.591449 0.80694
0.572813 0.668702
0.648288 0.745477
0.45707 0.809767
0.502769 0.523928
0.566009 0.537431
0.569134 0.693435
0.488184 0.543199
0.560146 0.869804
0.492843 0.744303
0.422713 0.657669
0.718883 0.612548
0.679937 0.530575
0.671307 0.69155
0.628757 0.703586
0.60117 0.755201
0.529323 0.564622
0.609069 0.727702
0.525205 0.667301
0.646815 0.73229
0.539637 0.601028
0.655636 0.671176
0.638164 0.694443
0.468735 0.728519
0.44916 0.749441
0.600082 0.540358
0.568198 0.640968
0.53567 0.63667
0.588038 0.665368
0.592857 0.663351
0.679241 0.655366
0.666406 0.66813
0.647194 0.75138
0.749452 0.562888
0.629469 0.610725
0.484042 0.655963
0.63852 0.700499
0.527544 0.709667
0.568091 0.678776
0.590444 0.64844
0.560758 0.849794
0.479178 0.781644
0.532901 0.735624
0.48264 0.654419
0.453619 0.706166
0.587041 0.720697
0.647363 0.757959
0.496483 0.690075
0.415944 0.680615
0.670653 0.657901
0.505832 0.767178
0.7365 0.667366
0.546097 0.684726
0.574604 0.660797
0.54153 0.62175
0.445515 0.760128
0.488451 0.689579
0.553205 0.621529
0.524458 0.604289
0.434021 0.72974
0.541984 0.754773
0.697065 0.703348
0.486161 0.635354
0.678879 0.67381
0.60932 0.691976
0.453173 0.807367
0.804765 0.672973
0.450354 0.754882
0.711123 0.657822
0.541985 0.658188
0.594154 0.759106
0.634095 0.7146
0.623786 0.637359
0.609187 0.712435
0.52149 0.78752
0.606696 0.775137
0.422939 0.575318
0.602049 0.660367
0.398942 0.817305
0.416624 0.755808
0.678186 0.680138
0.576434 0.749916
0.493181 0.62849
0.29583 0.48902
0.541533 0.661143
0.529287 0.913343
0.454217 0.589347
0.514496 0.577992
0.501218 0.794602
0.622604 0.687247
0.575227 0.726436
0.516275 0.717972
0.512866 0.84549
0.50383 0.587208
0.737296 0.885511
0.515289 0.749825
0.522501 0.710873
0.568726 0.746449
0.670878 0.694529
0.481862 0.745002
0.594161 0.374308
0.625017 0.660309
0.587898 0.57678
0.583766 0.714858
0.70279 0.760633
0.615972 0.75526
0.671814 0.654113
0.589279 0.551404
0.384498 0.618205
0.368742 0.802924
0.473945 0.697487
0.450467 0.772492
0.666391 0.733639
0.736995 0.744294
0.455654 0.663471
0.545103 0.717481
0.468567 0.728996
0.794669 0.626689
0.594595 0.601891
0.525748 0.871972
0.645271 0.740075
0.580676 0.491788
0.665318 0.720693
0.56032 0.763169
0.604564 1.04252
0.560221 0.629573
0.474221 0.832031
0.491705 0.850074
0.594901 0.541319
0.456861 0.909042
0.591582 0.738573
0.664125 0.746315
0.530929 0.704274
0.563415 0.649089
0.533781 0.756741
0.450338 0.589073
0.509568 0.670665
0.364638 0.665235
0.608718 0.673904
0.560317 0.660099
0.734529 1.00412
0.703647 0.663391
0.447979 0.625172
0.618587 0.72773
0.470286 0.68417
0.502907 0.712168
0.796322 0.613197
0.539417 0.744263
0.401466 0.469133
0.55614 0.577103
0.638802 0.796609
0.393331 0.555452
0.581008 0.6249
0.460356 0.879232
0.549102 0.583792
0.391471 0.710442
0.66966 0.7825
0.674909 0.599143
0.715025 0.725164
0.691485 0.725698
0.50141 0.60236
0.554806 0.637864
0.520923 0.686354
0.618045 0.854236
0.645558 0.72921
0.519505 0.752739
0.566179 0.84148
0.620564 0.918294
0.50992 0.812887
0.800021 0.626094
0.845136 0.480947
0.953448 0.318826
1.0474 0.612923
0.958467 0.485214
0.933017 0.51668
0.99497 0.459699
1.05554 0.582432
0.840644 0.330768
0.935352 0.358288
0.900575 0.534486
1.05844 0.475555
1.02069 0.17918
0.879871 0.377134
0.872685 0.318824
0.890731 0.317672
0.948612 0.421541
0.92586 0.357341
1.11801 0.35506
0.948611 0.52312
0.738762 0.381605
0.872715 0.325168
0.929183 0.488386
0.889522 0.465352
0.951789 0.464145
0.877113 0.382691
0.896134 0.562735
0.833324 0.358256
0.882121 0.479311
0.915427 0.347932
0.771703 0.416587
0.910483 0.253851
0.903093 0.39579
0.884412 0.487514
0.807076 0.357001
0.802076 0.452163
0.985352 0.394891
0.789851 0.287405
0.876614 0.497837
0.810804 0.541254
1.06063 0.468372
0.996999 0.461685
0.816113 0.298089
0.891402 0.355349
0.855808 0.425257
0.866608 0.345668
1.02591 0.345673
1.05253 0.227671
0.835459 0.262443
0.839451 0.47692
0.968138 0.254231
0.809164 0.337213
0.858686 0.463082
0.856773 0.468527
1.06783 0.455017
0.80531 0.33871
1.0608 0.204682
0.94756 0.473244
0.918476 0.511181
0.734375 0.402466
0.770062 0.521017
0.935052 0.479362
0.856325 0.366974
0.947614 0.408888
0.868791 0.280126
0.950378 0.383423
0.871243 0.483815
0.796877 0.386377
0.848374 0.290977
0.946753 0.566219
0.999537 0.489958
0.890609 0.347581
0.8833 0.45592
0.84406 0.360896
0.918593 0.516234
0.86001 0.411235
0.870895 0.347938
0.775663 0.231707
0.866479 0.383837
0.97289 0.300196
0.834264 0.533498
0.961931 0.443935
0.972831 0.423002
1.07664 0.307297
0.991376 0.317258
0.80754 0.436356
0.899572 0.430868
0.862653 0.285997
0.991482 0.396611
0.939414 0.462735
0.979587 0.471127
0.907103 0.305279
0.835148 0.358715
0.909789 0.426121
0.87008 0.395177
0.914018 0.427298
0.864848 0.233967
0.909716 0.361976
0.814056 0.379846
0.815692 0.398882
0.90248 0.38777
0.816264 0.414379
0.762723 0.28649
0.683763 0.501852
0.804321 0.261061
0.795603 0.371188
0.943987 0.539993
0.86067 0.535633
0.936291 0.576006
0.852422 0.347692
0.873381 0.400334
0.842433 0.372215
0.893418 0.176726
0.976913 0.548601
0.850521 0.437528
0.886857 0.575085
0.928735 0.378006
0.981386 0.352819
0.920643 0.392202
0.865851 0.500546
0.95177 0.361543
0.858212 0.419614
0.832404 0.515463
0.937481 0.607012
0.659362 0.57072
0.870449 0.331964
1.07827 0.35134
0.847946 0.459577
0.886318 0.422351
0.917532 0.49634
0.887166 0.301438
0.94237 0.487336
0.739472 0.436971
0.762948 0.475532
0.864322 0.369214
0.811523 0.243319
0.74929 0.329277
0.816757 0.212496
1.02077 0.296136
0.949645 0.312904
0.972504 0.348167
0.979607 0.453411
0.991765 0.485571
0.88489 0.481671
0.856092 0.421529
0.836144 0.613303
0.914019 0.395353
0.991955 0.400117
0.900351 0.519118
0.945343 0.349016
0.940835 0.484406
1.09426 0.453979
0.920558 0.531295
0.941263 0.331088
0.930174 0.361482
0.945193 0.405991
0.885923 0.263434
0.971086 0.340495
0.852421 0.493952
0.98314 0.372248
0.988916 0.387497
0.065 -0.04
0.065 -0.04
