-5	-5	0.0186400139049451	0.0104826388202004	-0.0271929824561403
-5	-4.5	0.0340430078708921	0.00739883757003473	-0.0415481726082171
-5	-4	0.0510768712915359	-0.00512829528479731	-0.0555278319647961
-5	-3.5	0.063605447686999	-0.0303935988391293	-0.0640843214756258
-5	-3	0.0631201800044234	-0.0656612130273334	-0.0611111111111111
-5	-2.5	0.045174727360601	-0.100833030667667	-0.0435982532751092
-5	-2	0.0137388096910122	-0.125726988705472	-0.0142376142376142
-5	-1.5	-0.023161852903357	-0.137321722100962	0.021147412333237
-5	-1	-0.0598398713174425	-0.138328076127764	0.0576923076923077
-5	-0.5	-0.094336664569372	-0.132186310703492	0.0928459612901364
-5	0	-0.126511628961181	-0.120492815215342	0.125490196078431
-5	0.5	-0.155986380482551	-0.103005132441885	0.154685461044324
-5	1	-0.180959069188167	-0.0788758054431775	0.178904428904429
-5	1.5	-0.198181473315027	-0.0483803232219125	0.196020567851554
-5	2	-0.204357647699172	-0.0142587819200765	0.204105571847507
-5	2.5	-0.198324907748712	0.0186155631863141	0.202593317606117
-5	3	-0.182174594433536	0.0454341034546356	0.192857142857143
-5	3.5	-0.160181946018809	0.0636806657384497	0.177648837664905
-5	4	-0.136668199567119	0.0735726807329678	0.1599276345545
-5	4.5	-0.114591964240405	0.0769653413129138	0.14198303511529
-5	5	-0.0953626952522456	0.0760619943690752	0.125187969924812

-4.5	-5	0.0179202626702959	0.0260525291268165	-0.0429563237565382
-4.5	-4.5	0.0389385775173941	0.0282291279662495	-0.0677305655431375
-4.5	-4	0.066013140836031	0.0167040315618979	-0.0954859192428642
-4.5	-3.5	0.0902885964899131	-0.0183926264455295	-0.117176825141427
-4.5	-3	0.0949402872627119	-0.0753182991492797	-0.118805713538195
-4.5	-2.5	0.0699349440804933	-0.132430005159976	-0.0926408430316716
-4.5	-2	0.0246439938176342	-0.168024690164645	-0.0458257978689579
-4.5	-1.5	-0.0248510750821539	-0.180123447540489	0.00823095079586031
-4.5	-1	-0.0705508554295254	-0.178003802126975	0.0610282503148225
-4.5	-0.5	-0.112158783266944	-0.16908696891159	0.110108669581742
-4.5	0	-0.151764339326504	-0.155495470731372	0.155590218178733
-4.5	0.5	-0.190264594397089	-0.135340952749724	0.197285860207209
-4.5	1	-0.225330650466937	-0.105131367585948	0.23313184270827
-4.5	1.5	-0.250891003779896	-0.0632685964701913	0.258993920148705
-4.5	2	-0.259703163210023	-0.0137046954012663	0.270412374039317
-4.5	2.5	-0.248698046769564	0.0341100326660959	0.265714550994741
-4.5	3	-0.222037355181559	0.0707563031546513	0.247709523888336
-4.5	3.5	-0.188140796470708	0.0923981637641606	0.222068159264848
-4.5	4	-0.154454303244575	0.100939460678046	0.194278494519776
-4.5	4.5	-0.1250125389788	0.100679554120385	0.167913736769901
-4.5	5	-0.100966579691031	0.0955874423977573	0.144611313972482

-4	-5	0.00819176478452383	0.0436697669446123	-0.0588744588744589
-4	-4.5	0.0307076427860252	0.0555417784175471	-0.0975232673513711
-4	-4	0.0649435216981017	0.0506727144738252	-0.146825396825397
-4	-3.5	0.101817481915677	0.00546134615246099	-0.192818401361891
-4	-3	0.113412023815765	-0.0858687883188036	-0.204987417067033
-4	-2.5	0.0797844036498636	-0.177736880244978	-0.16370522133234
-4	-2	0.0201062262632782	-0.224570868929092	-0.0876623376623377
-4	-1.5	-0.0386644614574767	-0.232103271394952	-0.0063529878896168
-4	-1	-0.0887634143064998	-0.223586955622771	0.0673992673992674
-4	-0.5	-0.133838341510993	-0.211823193918649	0.13358857056336
-4	0	-0.179276570989283	-0.198659890055438	0.195614035087719
-4	0.5	-0.228100461368315	-0.179032157804043	0.255281844481459
-4	1	-0.277810488309633	-0.143970348374416	0.310005783689994
-4	1.5	-0.317569363371009	-0.0865177211151341	0.351523408802511
-4	2	-0.331546168513069	-0.0117034922383822	0.369047619047619
-4	2.5	-0.311935164230339	0.0607931815165402	0.357721422199567
-4	3	-0.267737036998085	0.111286342962428	0.323903047307303
-4	3.5	-0.21604952070342	0.134724754855123	0.280026287447744
-4	4	-0.169185199702919	0.138063925449897	0.236324786324786
-4	4.5	-0.131590033099435	0.130539430532226	0.197889814914394
-4	5	-0.103026229200347	0.118689339955371	0.166027007818053

-3.5	-5	-0.0138112899924297	0.0573432489548586	-0.0700395678290998
-3.5	-4.5	-0.000458373551410152	0.0806476361766292	-0.122068612391193
-3.5	-4	0.0243593402558716	0.0878797580480341	-0.19582670089541
-3.5	-3.5	0.0561033961553511	0.0368369228997938	-0.274613255170168
-3.5	-3	0.0669041233425689	-0.097184560593482	-0.303341103341103
-3.5	-2.5	0.032682136970628	-0.232102095291337	-0.240445269016698
-3.5	-2	-0.0231833420118969	-0.285959396121644	-0.126168254903887
-3.5	-1.5	-0.0738067998111603	-0.2837827974438	-0.0140535792709706
-3.5	-1	-0.116260044659284	-0.268049117374365	0.0811689601361895
-3.5	-0.5	-0.157052160661474	-0.255933012242751	0.165136823960353
-3.5	0	-0.203443809283976	-0.248307214672184	0.246558609349307
-3.5	0.5	-0.261029784490208	-0.236323670825913	0.331034482758621
-3.5	1	-0.329037695579738	-0.201919860869141	0.41638342431421
-3.5	1.5	-0.391009362459262	-0.124713570204613	0.486956521739131
-3.5	2	-0.41448829953983	-0.00765867097965835	0.516649608277351
-3.5	2.5	-0.380641580241552	0.106467219419409	0.491597291597292
-3.5	3	-0.30955818987016	0.174868910103392	0.42753586282998
-3.5	3.5	-0.234929186561829	0.194505005582277	0.352636127917027
-3.5	4	-0.174470062595994	0.185527810750991	0.2850882131054
-3.5	4.5	-0.130431421424369	0.16568259446918	0.230525030525031
-3.5	5	-0.0993646260031291	0.144194262516854	0.188250803328664

-3	-5	-0.0453360737299466	0.0587447553603984	-0.0705128205128205
-3	-4.5	-0.0527542364621511	0.0869276913187883	-0.127603159127371
-3	-4	-0.0614088758925529	0.100622148001143	-0.212283840190817
-3	-3.5	-0.0714316695538903	0.0480752684382802	-0.307860947485487
-3	-2.5	-0.0960755151287535	-0.267546022339135	-0.268197375158326
-3	-2	-0.111054815921232	-0.323808504723002	-0.131295981890209
-3	-1.5	-0.128403990280112	-0.31718983529058	-0.00158247409934971
-3	-1	-0.149353006274226	-0.300668427553712	0.107142857142857
-3	-0.5	-0.176540219315332	-0.293775121129375	0.205095838123361
-3	0	-0.214906565947805	-0.298210065565442	0.305916305916306
-3	0.5	-0.271710015049061	-0.303911745385474	0.420868685475156
-3	1	-0.351240483841757	-0.282130183319541	0.551587301587302
-3	1.5	-0.43617451327112	-0.185107138286761	0.673004897723999
-3	2	-0.471805970763029	-0.000876588984221174	0.726403823178017
-3	2.5	-0.419589452879934	0.179763842813357	0.674602427356405
-3	3	-0.319444444444444	0.266052758067073	0.557017543859649
-3	3.5	-0.22726152112789	0.2700098083625	0.434786631914992
-3	4	-0.161187025128628	0.239317908855261	0.335873884437496
-3	4.5	-0.11727513444311	0.202423858541676	0.262540897734031
-3	5	-0.0881149404294805	0.169419804569651	0.209207459207459

-2.5	-5	-0.0762908940679309	0.0436581765383874	-0.0574835462640341
-2.5	-4.5	-0.104471796421786	0.0646171429502315	-0.106690166703386
-2.5	-4	-0.146632898054223	0.0692241729812022	-0.176973353443942
-2.5	-3.5	-0.198508462845798	0.0153054101840479	-0.251505016722408
-2.5	-3	-0.232456575140237	-0.12181818309856	-0.2750499490316
-2.5	-2.5	-0.224590000142264	-0.260112500761139	-0.205847953216374
-2.5	-2	-0.198543212034509	-0.317900974937173	-0.083817552310703
-2.5	-1.5	-0.181812445687739	-0.321021109587509	0.0381577918523731
-2.5	-1	-0.178921743207402	-0.313769322134964	0.146810035842294
-2.5	-0.5	-0.187020018809974	-0.316699129394718	0.250980392156863
-2.5	0	-0.20587972942549	-0.335504639199993	0.365942571785268
-2.5	0.5	-0.240303282641811	-0.363604425563867	0.508812260536399
-2.5	1	-0.297510393806314	-0.365899631532802	0.689622352901186
-2.5	1.5	-0.368990002087576	-0.258038270455294	0.878004535147392
-2.5	2	-0.400189548358708	0.00946298631487891	0.966477355468181
-2.5	2.5	-0.344410035022721	0.272591162243249	0.874493927125506
-2.5	3	-0.250069092974491	0.36750977049125	0.685240824534942
-2.5	3.5	-0.173060977370183	0.34418886407918	0.508929056071215
-2.5	4	-0.122429996711916	0.287647333742164	0.378919177427068
-2.5	4.5	-0.0901949137099115	0.233725813097402	0.288788335847159
-2.5	5	-0.068994096738103	0.190357152277976	0.2261755016472

-2	-5	-0.0965526652735401	0.0163536126036069	-0.0338740147221679
-2	-4.5	-0.133857030088164	0.0234642190069808	-0.0668470778141765
-2	-4	-0.185528912403238	0.0132432703975734	-0.109133126934985
-2	-3.5	-0.242803204340468	-0.037833718801995	-0.14650325009733
-2	-3	-0.277983462943153	-0.135427840921023	-0.148148148148148
-2	-2.5	-0.271164851343429	-0.233896046641564	-0.0940933270366839
-2	-2	-0.241291299830333	-0.287902210090951	-0.00252525252525251
-2	-1.5	-0.214817867650161	-0.30420814805629	0.0980228348649401
-2	-1	-0.198889072423327	-0.308674119764191	0.196855775803144
-2	-0.5	-0.189462852064785	-0.319107177437575	0.29869969595997
-2	0	-0.181191101479912	-0.344334310624612	0.416666666666667
-2	0.5	-0.170708847038256	-0.381934621564875	0.56939802644615
-2	1	-0.1569686600167	-0.396974691768728	0.771929824561404
-2	1.5	-0.14060725737668	-0.287053645849382	0.994026284348865
-2	2.5	-0.10570356695432	0.330414868870805	0.98252504112515
-2	3	-0.0896392233108442	0.424415108784311	0.752136752136752
-2	3.5	-0.0754114988810141	0.384159371657137	0.547662341499314
-2	4	-0.0631957402697059	0.314026644313875	0.402337858220211
-2	4.5	-0.052919045919772	0.251625620105531	0.30397797784246
-2	5	-0.0443811651005676	0.203070512762422	0.236660250544319

-1.5	-5	-0.103275574157038	-0.0147571266765676	-0.00575460994911049
-1.5	-4.5	-0.138962072462	-0.0198977997535515	-0.0219458118823043
-1.5	-4	-0.183579180117079	-0.0397220012711021	-0.0390150550578358
-1.5	-3.5	-0.228707383199591	-0.0839616242737715	-0.0474762135139494
-1.5	-3	-0.257831853055435	-0.150579308101901	-0.0328673641696987
-1.5	-2.5	-0.260890106608324	-0.217509240023571	0.0130081300813008
-1.5	-2	-0.246546994632586	-0.262700604111623	0.0834964122635356
-1.5	-1.5	-0.229065804786024	-0.284434577386078	0.165903062454787
-1.5	-1	-0.213112499965407	-0.293785732011319	0.253286968041066
-1.5	-0.5	-0.19390200039403	-0.302407675218236	0.346952574133101
-1.5	0	-0.162294747138782	-0.318201010089972	0.455054617676266
-1.5	0.5	-0.107791648156482	-0.339323464886167	0.590734935562522
-1.5	1	-0.0220970024592098	-0.334874548632047	0.762723210810643
-1.5	1.5	0.0839511003721589	-0.222949044045771	0.941001855287569
-1.5	2	0.152136757215105	0.0453517137521592	1.01908441634469
-1.5	2.5	0.13245500418089	0.306644255903075	0.917355956168257
-1.5	3	0.0711427155523798	0.398137638796324	0.719572152952237
-1.5	3.5	0.0230561850235952	0.370740444493075	0.53614661527017
-1.5	4	-0.00297066135926793	0.310111869830053	0.400394210996004
-1.5	4.5	-0.0146505653900643	0.252445323948678	0.305721713766355
-1.5	5	-0.0188589843999361	0.205821065541916	0.239558884144871

-1	-5	-0.0995785641370993	-0.0435344813716212	0.0217948717948718
-1	-4.5	-0.129349737948766	-0.0566861574283347	0.0189867738155031
-1	-4	-0.163928179146033	-0.0808086496684701	0.0195360195360195
-1	-3.5	-0.197848733075323	-0.1190328427853	0.0291826340043657
-1	-3	-0.223207091296544	-0.168116714881995	0.0547619047619047
-1	-2.5	-0.235779991454585	-0.216963481714301	0.099934548854605
-1	-2	-0.238760158661551	-0.253870579086284	0.162406015037594
-1	-1.5	-0.237420874089188	-0.274144534645919	0.236350514111108
-1	-1	-0.231639381717008	-0.279751904149477	0.316666666666667
-1	-0.5	-0.214069693950793	-0.275789992425581	0.401250229821658
-1	0	-0.173127769310826	-0.267619476811848	0.491774891774892
-1	0.5	-0.0979055220763381	-0.254532049770378	0.592824527071102
-1	1	0.0141117657488348	-0.216594982961408	0.704545454545455
-1	1.5	0.139880078383462	-0.110834899391479	0.803704471629
-1	2	0.218393406771017	0.0743109587977717	0.834408602150538
-1	2.5	0.206570307140321	0.250160326283526	0.761711451966325
-1	3	0.142029162442886	0.32857972327862	0.626190476190476
-1	3.5	0.0800137340365117	0.323658028125808	0.489259250415861
-1	4	0.038936547794244	0.284351621031175	0.378643578643579
-1	4.5	0.0155003240701398	0.239736680359044	0.296151959188104
-1	5	0.00303091688198961	0.200122256206601	0.235714285714286

-0.5	-5	-0.0897063447198544	-0.0676169577643983	0.0461515962945593
-0.5	-4.5	-0.113310671584555	-0.0856406289101169	0.0530358153448136
-0.5	-4	-0.139921005235078	-0.111935059537461	0.0652926730918663
-0.5	-3.5	-0.166880614932086	-0.147231698945751	0.0866654190838583
-0.5	-3	-0.191220850906827	-0.188833718186762	0.121076990642208
-0.5	-2.5	-0.211977331898929	-0.23022583401129	0.170882145961833
-0.5	-2	-0.230869620465391	-0.263278913145944	0.235555283174331
-0.5	-1.5	-0.249150600610634	-0.280787950744335	0.311688311688312
-0.5	-1	-0.262700980197968	-0.277686431455471	0.393635067489515
-0.5	-0.5	-0.259749299477167	-0.252762564092163	0.474451849705399
-0.5	0	-0.224797347576004	-0.210675915675938	0.548089591567852
-0.5	0.5	-0.14854880198194	-0.158209692162631	0.611852996358018
-0.5	1	-0.0381360503086279	-0.0931200247119578	0.664039591874643
-0.5	1.5	0.0774049934109028	-0.00207293997251146	0.695071010860485
-0.5	2	0.15443687398077	0.113863195638065	0.685411006507866
-0.5	2.5	0.167970206338955	0.217567287807285	0.625366970194556
-0.5	3	0.136215348588396	0.271497649216469	0.532266554374145
-0.5	3.5	0.0932604106005088	0.276042844476862	0.434231790908922
-0.5	4	0.0580256726845076	0.253130687193371	0.348668333722131
-0.5	4.5	0.0340532069664612	0.221206316184995	0.280235472401935
-0.5	5	0.0190124346186786	0.189610842199267	0.227328129686363

0	-5	-0.0765955510167327	-0.0868021747593612	0.0664711632453568
0	-4.5	-0.0948788159290032	-0.108065787176652	0.0802647933745793
0	-4	-0.115618876424623	-0.136321710031839	0.100649350649351
0	-3.5	-0.138135923427364	-0.171826726604375	0.13066708654805
0	-3	-0.162335044921017	-0.212856528050482	0.173607038123167
0	-2.5	-0.189704613653184	-0.255096749047665	0.232199546485261
0	-2	-0.223141676648695	-0.291320454046559	0.307575757575758
0	-1.5	-0.264099164938313	-0.31078839208111	0.397753706619047
0	-1	-0.306756288977146	-0.299690848678631	0.495238095238095
0	-0.5	-0.332578879562346	-0.247512525971537	0.585294291629695
0	0	-0.315298203719625	-0.160032126069232	0.65
0	0.5	-0.241957468262787	-0.0618219826282857	0.67941348973607
0	1	-0.129373192734527	0.0254838003111779	0.677248677248677
0	1.5	-0.0143768652754862	0.100143394305418	0.651636363636364
0	2	0.0685399784769171	0.166588511461955	0.605555555555556
0	2.5	0.104734688031915	0.218167141858317	0.540655534941249
0	3	0.103389611591345	0.244288120535092	0.464437689969605
0	3.5	0.0841235767651996	0.244551804353686	0.388028461345073
0	4	0.0618904842478896	0.22772080433515	0.31969696969697
0	4.5	0.0432420872682265	0.203396872494784	0.262681131932327
0	5	0.0294719185910813	0.177868541459431	0.216774193548387

0.5	-5	-0.0617959757465588	-0.101487204519981	0.0827040798327512
0.5	-4.5	-0.0753956523823167	-0.125167486479237	0.101446879381816
0.5	-4	-0.0911673919885086	-0.155662763036705	0.127772117769339
0.5	-3.5	-0.109599659078431	-0.193653308066505	0.164800716524854
0.5	-3	-0.132287767175524	-0.238760020917985	0.216390031682981
0.5	-2.5	-0.162786666612762	-0.28864176124789	0.286924207069398
0.5	-2	-0.206803979306696	-0.336987497093042	0.380536819948684
0.5	-1.5	-0.269897013310645	-0.369342340924345	0.498493376542157
0.5	-1	-0.349191406308508	-0.358791409142885	0.632576079866133
0.5	-0.5	-0.418556686174897	-0.27462551941143	0.755817213344547
0.5	0	-0.428206828240509	-0.120054504376378	0.826136906375453
0.5	0.5	-0.350105557083472	0.0433048897432873	0.819407008086254
0.5	1	-0.217395991333663	0.154258346956685	0.754586936405118
0.5	1.5	-0.0870542481780948	0.208986117508064	0.667847071939144
0.5	2	0.00686692526835941	0.232870439400196	0.580582899054237
0.5	2.5	0.0577126409718704	0.2422582157419	0.498536493248985
0.5	3	0.07460140971809	0.240850409831238	0.422730813043401
0.5	3.5	0.0715734647917857	0.229529981386973	0.354595257250124
0.5	4	0.060277474702195	0.21106593333941	0.295603177590755
0.5	4.5	0.047535836185359	0.189209065687465	0.246195616911475
0.5	5	0.0362863352387569	0.167009738332303	0.205726578833955

1	-5	-0.0461019188911044	-0.111981804340537	0.095021645021645
1	-4.5	-0.0552149190002885	-0.13741451484825	0.117208227461143
1	-4	-0.0659005234184264	-0.17006176088757	0.147816349384099
1	-3.5	-0.0790336322232139	-0.211419810706953	0.190411639412313
1	-3	-0.0967692859588179	-0.262802647242406	0.25
1	-2.5	-0.123596885180377	-0.324525172133655	0.333529803776379
1	-2	-0.16751613677608	-0.393066309411452	0.450013923698134
1	-1.5	-0.239767534684914	-0.452988819231208	0.608067360755533
1	-1	-0.346681727285117	-0.461463922630049	0.804545454545455
1	-0.5	-0.461780225917429	-0.346739347997433	0.997781838660369
1	0	-0.502581837695187	-0.0902363805692291	1.0962962962963
1	0.5	-0.411671003810656	0.172777650665658	1.04096246806367
1	1	-0.250838736837006	0.306711173433118	0.887254901960784
1	1.5	-0.107291397900887	0.328563863469498	0.723062558356676
1	2	-0.0117099542600708	0.306237156394483	0.587133796436122
1	2.5	0.040437328520828	0.276684191516109	0.481376713501066
1	3	0.0620885789458918	0.249498566324361	0.398148148148148
1	3.5	0.0654737372736586	0.224615275477851	0.331067197328381
1	4	0.059762320801408	0.200983213175213	0.27630269704111
1	4.5	0.0507346894328021	0.178486696072523	0.23150627358201
1	5	0.0414470388456741	0.157548715744815	0.194947735191638

1.5	-5	-0.0300885375067228	-0.11840944729168	0.103617058383712
1.5	-4.5	-0.0346796251938235	-0.144732409692619	0.127915236891217
1.5	-4	-0.0397282860941243	-0.178685259318644	0.161173803980539
1.5	-3.5	-0.04574977807538	-0.222538580683529	0.207395927504413
1.5	-3	-0.0541618450104974	-0.279180765216162	0.272678260454686
1.5	-2.5	-0.0681488712616502	-0.351742802022534	0.366467746518897
1.5	-2	-0.0940664367519797	-0.441004161836027	0.503104949791167
1.5	-1.5	-0.142929269387614	-0.535086950992101	0.701322038249262
1.5	-1	-0.227034804205112	-0.580421896086161	0.971003190358029
1.5	-0.5	-0.3336330613166	-0.449773686357636	1.26247325631151
1.5	0	-0.380418957915334	-0.068478710427146	1.41092237442922
1.5	0.5	-0.297238746253582	0.317440905407319	1.29222661396574
1.5	1	-0.157495823435621	0.461538704699472	1.02808067321086
1.5	1.5	-0.0465978269621329	0.437051677143917	0.78106828938472
1.5	2	0.0202743905872295	0.368605439842258	0.599186856028961
1.5	2.5	0.0544200171238267	0.306297277653316	0.471824591905728
1.5	3	0.0676676808235292	0.258601290469652	0.380646825676024
1.5	3.5	0.0685873544811085	0.222380500376409	0.312604796967267
1.5	4	0.063063047381129	0.193583697596103	0.259937515020428
1.5	4.5	0.0548920287382787	0.169576717121835	0.218155455439905
1.5	5	0.0462773274053059	0.148981478400413	0.184519045597059

2	-5	-0.0143812007600414	-0.120857221273	0.108703792863639
2	-4.5	-0.0145006147256656	-0.146944531940069	0.133838447233011
2	-4	-0.0135864185416296	-0.180626088782661	0.167989417989418
2	-3.5	-0.0112800505998212	-0.224499897790857	0.215279845285124
2	-3	-0.00726707846690833	-0.282155883907359	0.282201863597212
2	-2.5	-0.0013319849575778	-0.358064591782476	0.379226697629288
2	-2	0.00660578032157317	-0.455350264322139	0.523109243697479
2	-1.5	0.0164772984699386	-0.565160536504934	0.737810021232481
2	-1	0.0280536517077592	-0.631704394636702	1.04181600955795
2	-0.5	0.0409134166023082	-0.499353637060425	1.38573237216753
2	0.5	0.0674580713908103	0.397289237079191	1.40662105842573
2	1	0.0788637065726754	0.53901533105236	1.08200734394125
2	1.5	0.0872168565621534	0.486923321786162	0.794307372873046
2	2	0.0914224208434476	0.394914151131526	0.591880341880342
2	2.5	0.0910687337425138	0.316634304825227	0.455758155823957
2	3	0.0865970383392962	0.25884125256801	0.362117414748994
2	3.5	0.0791150797746989	0.21683671274192	0.294851314675243
2	4	0.0699809630271114	0.185333408603433	0.244417862838916
2	4.5	0.0604093698920934	0.160625088128082	0.205293675466269
2	5	0.0512624420136766	0.140467712250956	0.174196174196174

2.5	-5	0.000309472082387329	-0.119563397876548	0.110575711661311
2.5	-4.5	0.00428717963239156	-0.144184833790504	0.135355578024941
2.5	-4	0.0107974023492687	-0.175693568109337	0.168643137622409
2.5	-3.5	0.0211411981304285	-0.216386330148627	0.214222559050145
2.5	-3	0.0374316442573214	-0.269303037915461	0.277986957056724
2.5	-2.5	0.0633270948068348	-0.337826425132663	0.369230769230769
2.5	-2	0.105358459070831	-0.423033302555712	0.502212393729422
2.5	-1.5	0.174406711902261	-0.513350494770448	0.695652173913044
2.5	-1	0.282334473702715	-0.555540593652422	0.959490716180372
2.5	-0.5	0.415602594062234	-0.422801212574734	1.24420141262246
2.5	0	0.490603334745179	-0.0410653375148935	1.38528138528139
2.5	0.5	0.435160858592087	0.342944503438666	1.25916074294886
2.5	1	0.319885299114857	0.482256152280767	0.988373039852231
2.5	1.5	0.227003728053375	0.450205113902336	0.736507936507937
2.5	2	0.169055686208541	0.372457317022619	0.552420391541141
2.5	2.5	0.133725099310603	0.300883056238083	0.425830065359477
2.5	3	0.11027786786082	0.245712583544871	0.338036157390996
2.5	3.5	0.0928289439975999	0.204798047709329	0.275106385993416
2.5	4	0.0786487155080503	0.174100930515331	0.22826634552662
2.5	4.5	0.0666012153225129	0.150345393522356	0.192209336901576
2.5	5	0.0562393434054242	0.131322712271531	0.163702132729656

3	-5	0.0132979014457023	-0.115023101812843	0.109649122807018
3	-4.5	0.020616415266941	-0.137104762081223	0.133068403993614
3	-4	0.0315865566065713	-0.164786041928203	0.163999742947111
3	-3.5	0.0480973292118221	-0.19959338289539	0.205512018442331
3	-3	0.0732231537137836	-0.243174629610784	0.262145748987854
3	-2.5	0.112063098652132	-0.296416760889183	0.340508575802694
3	-2	0.172814457359694	-0.356447225429814	0.44944203083738
3	-1.5	0.266562262855159	-0.40842871999357	0.597539264944416
3	-1	0.399252960587426	-0.410125556347401	0.781746031746032
3	-0.5	0.543804319911436	-0.290587145962568	0.960628428960276
3	0	0.616666400647399	-0.0324854090530802	1.04323953328758
3	0.5	0.558400573528711	0.227225655836556	0.971552493940554
3	1	0.427373348840288	0.351421064118288	0.802910052910053
3	1.5	0.306194980405235	0.356935840858071	0.627655684867166
3	2	0.221263712998853	0.313970488161104	0.486772486772487
3	2.5	0.166294994640032	0.26386828713265	0.383066805085154
3	3	0.130236955320736	0.220579597902539	0.307915057915058
3	3.5	0.105242761436767	0.186235579320828	0.252636320661447
3	4	0.0867668515785108	0.159442832579558	0.2109166130008
3	4.5	0.0723596715910087	0.138301988641391	0.178572554428769
3	5	0.0607199957530203	0.121252398537365	0.152894491129785

3.5	-5	0.0240717389508934	-0.10796898404796	0.106454098578451
3.5	-4.5	0.0337149717403145	-0.126809019780379	0.127789240831643
3.5	-4	0.0475375749736009	-0.14968469122741	0.155352729938365
3.5	-3.5	0.0675068166251156	-0.177239991463497	0.191346271705822
3.5	-3	0.0966131614952842	-0.20968839622468	0.238750722099719
3.5	-2.5	0.139280615852215	-0.245777088568874	0.301337613697164
3.5	-2	0.201369204984118	-0.280358679051412	0.382987693324624
3.5	-1.5	0.288101858025889	-0.299856742219175	0.484976905419095
3.5	-1	0.396213756019707	-0.278006501029557	0.599188031312384
3.5	-0.5	0.499339135264206	-0.185031619185801	0.698812738416699
3.5	0	0.547277256682308	-0.0260477144796203	0.742275424011275
3.5	0.5	0.510382286882298	0.134089085519949	0.706938566115173
3.5	1	0.41756168637055	0.230407359394758	0.614981436994977
3.5	1.5	0.318367520147568	0.257461075350436	0.507573047107931
3.5	2	0.238685324607972	0.244527447784084	0.411211434299336
3.5	2.5	0.18152177636187	0.217277444039732	0.333829928460801
3.5	3	0.141632594332671	0.188688326385535	0.274104411089441
3.5	3.5	0.113344250784217	0.163386771387489	0.228228502669317
3.5	4	0.0925643455107486	0.142240874759055	0.192596701351439
3.5	4.5	0.0767031180893916	0.124809300556135	0.16444678278367
3.5	5	0.0641948361820637	0.110364685094598	0.141811075760267

4	-5	0.0323886245780034	-0.0992549051943522	0.101580881113695
4	-4.5	0.043290427734854	-0.114601296164352	0.120428489942772
4	-4	0.058328823294838	-0.132475440408809	0.144159894159894
4	-3.5	0.0791622174692465	-0.152823859512074	0.174175395825914
4	-3	0.10805776965182	-0.174917454113335	0.212138188608777
4	-2.5	0.147854761562206	-0.196534011094363	0.25972052801022
4	-2	0.201309478653265	-0.212563896882193	0.317806267806268
4	-1.5	0.268877660968916	-0.213414535633075	0.384658015938235
4	-1	0.344050222737929	-0.185509108618229	0.452942801878972
4	-0.5	0.40860748602843	-0.118757692404009	0.507730491204697
4	0	0.437273359979686	-0.0211505293829259	0.530952380952381
4	0.5	0.417077148532547	0.0772938852916058	0.513879164313947
4	1	0.360475777665999	0.146479375781153	0.464928106719151
4	1.5	0.292291132600958	0.178193395356054	0.401888857616412
4	2	0.230399278538936	0.182190089416992	0.339473684210526
4	2.5	0.181110185125037	0.171644526867015	0.284877848575328
4	3	0.143923564260621	0.155737154492824	0.239787798408488
4	3.5	0.116177834820963	0.13920732820494	0.203349142047812
4	4	0.095232321332907	0.12398685696958	0.173982683982684
4	4.5	0.0790774731893151	0.110612132949871	0.150159445074699
4	5	0.066328325786064	0.0990398640773229	0.130631732863836

4.5	-5	0.0382840509142814	-0.0897106549776493	0.0956090280612866
4.5	-4.5	0.0495153716216886	-0.101700798660846	0.111855619558139
4.5	-4	0.0644433333356582	-0.114987431234089	0.131755821455446
4.5	-3.5	0.0842581312287767	-0.129113893410409	0.15609308390451
4.5	-3	0.110371941803356	-0.142972851459645	0.185626527930005
4.5	-2.5	0.144168136143063	-0.154325836573638	0.220810286568105
4.5	-2	0.18627993892792	-0.159240565707611	0.26121534279976
4.5	-1.5	0.235106081490138	-0.151930159674819	0.304583590182947
4.5	-1	0.284777711909646	-0.126150176987117	0.345818752742221
4.5	-0.5	0.324390948743998	-0.0792876828371358	0.377041260897636
4.5	0	0.341693331489906	-0.0173745675341421	0.3902172523626
4.5	0.5	0.330972651807494	0.045155128294514	0.38176753199564
4.5	1	0.297579165240622	0.0938146777261903	0.355055205883935
4.5	1.5	0.253442793421969	0.122421276668177	0.31791925243582
4.5	2	0.209217813031078	0.133359148927851	0.278083687284656
4.5	2.5	0.170618730677339	0.132596782481754	0.240540936920608
4.5	3	0.139195260947332	0.125633213808125	0.207501858930288
4.5	3.5	0.114357574319343	0.116134529205157	0.179401967346587
4.5	4	0.0948404052520095	0.106120293043033	0.155838108084249
4.5	4.5	0.0793973821135763	0.0965403747431746	0.136133493836628
4.5	5	0.0670243083196828	0.087757789712101	0.119604290255579

5	-5	0.0420069111314165	-0.0800295055606319	0.089047619047619
5	-4.5	0.0528778146229471	-0.0890549402957435	0.10279570652761
5	-4	0.0668150191869865	-0.0984977077718574	0.119174243723909
5	-3.5	0.0845601467565398	-0.107752489704168	0.138553303057259
5	-3	0.106833274803433	-0.115716199373712	0.161164274322169
5	-2.5	0.134062485703377	-0.120575191649165	0.186888879294216
5	-2	0.165859881104085	-0.119690376782547	0.214925373134328
5	-1.5	0.200246086188258	-0.109877626038242	0.243383633047292
5	-1	0.232969799214695	-0.0884936670198738	0.269047619047619
5	-0.5	0.257806765983867	-0.055365835062621	0.287760334033433
5	0	0.268697196455405	-0.0144253456075278	0.295757575757576
5	0.5	0.262985131274498	0.0269754822410922	0.291445799397021
5	1	0.243068133654718	0.0614482242048002	0.276266416510319
5	1.5	0.214773798843312	0.0849580353844979	0.253845281684974
5	2	0.184142704106197	0.0975197491036891	0.228226675285499
5	2.5	0.15530610639131	0.101584392820676	0.202547823332553
5	3	0.130192786035865	0.100132317408798	0.178657616892911
5	3.5	0.109205730037272	0.0956093178239593	0.157353068221842
5	4	0.0919859420286288	0.0896638004432172	0.138779095300834
5	4.5	0.0779199499441216	0.0832725342227664	0.122754538716389
5	5	0.0663925903516896	0.07695710881299	0.108974358974359



-2 2
-3 -3
2 0
