0 	17
1 	24
2 	0
3 	25
4 	41
5 	34
6 	40
7 	33
8 	19
9 	41
10 	63
11 	41
12 	33
13 	50
14 	57
15 	60
16 	40
17 	45
18 	69
19 	59
20 	80
21 	70
22 	68
23 	89
24 	81
25 	90
26 	102
27 	83
28 	133
29 	112
30 	136
31 	141
32 	165
33 	178
34 	181
35 	211
36 	265
37 	295
38 	293
39 	353
40 	397
41 	416
42 	443
43 	525
44 	573
45 	591
46 	665
47 	682
48 	705
49 	686
50 	696
51 	669
52 	620
53 	576
54 	520
55 	491
56 	439
57 	389
58 	385
59 	350
60 	310
61 	305
62 	282
63 	262
64 	286
65 	269
66 	236
67 	210
68 	211
69 	168
70 	165
71 	168
72 	170
73 	161
74 	134
75 	156
76 	173
77 	170
78 	159
79 	154
80 	144
81 	165
82 	194
83 	184
84 	167
85 	212
86 	205
87 	214
88 	207
89 	239
90 	216
91 	257
92 	223
93 	227
94 	215
95 	203
96 	198
97 	169
98 	167
99 	152
100 	138
101 	114
102 	122
103 	126
104 	117
105 	106
106 	98
107 	92
108 	68
109 	81
110 	44
111 	80
112 	64
113 	46
114 	27
115 	64
116 	60
117 	45
118 	36
119 	30
120 	52
121 	30
122 	45
123 	37
124 	52
125 	36
126 	34
127 	8
128 	29
129 	35
130 	28
131 	7
132 	5
133 	17
134 	28
135 	29
136 	12
137 	3
138 	26
139 	17
