0 	 43
1 	 81
2 	 44
3 	 19
4 	 17
5 	 67
6 	 61
7 	 49
8 	 43
9 	 22
10 	 28
11 	 25
12 	 58
13 	 62
14 	 70
15 	 36
16 	 33
17 	 32
18 	 30
19 	 83
20 	 87
21 	 30
22 	 32
23 	 52
24 	 188
25 	 128
26 	 70
27 	 46
28 	 74
29 	 50
30 	 41
31 	 75
32 	 76
33 	 129
34 	 69
35 	 95
36 	 66
37 	 63
38 	 25
39 	 46
40 	 70
41 	 39
42 	 54
43 	 38
44 	 31
45 	 21
46 	 30
47 	 46
48 	 73
49 	 45
50 	 32
51 	 28
52 	 22
53 	 27
54 	 29
55 	 37
56 	 27
57 	 31
58 	 23
59 	 19
60 	 15
61 	 44
62 	 40
63 	 29
64 	 32
65 	 23
66 	 14
67 	 13
68 	 36
69 	 25
70 	 31
71 	 19
72 	 18
73 	 13
74 	 19
75 	 25
76 	 20
77 	 31
78 	 38
79 	 29
80 	 16
81 	 11
82 	 17
83 	 21
84 	 20
85 	 14
86 	 13
87 	 9
88 	 9
89 	 14
90 	 19
91 	 27
92 	 17
93 	 12
94 	 9
95 	 13
96 	 13
97 	 24
98 	 17
99 	 22
100 	 19
101 	 13
102 	 11
103 	 40
104 	 104
105 	 46
106 	 44
107 	 28
108 	 20
109 	 22
110 	 39
111 	 67
112 	 68
113 	 59
114 	 49
115 	 39
116 	 40
117 	 92
118 	 70
119 	 66
120 	 88
121 	 86
122 	 60
123 	 62
124 	 92
125 	 85
126 	 123
127 	 177
128 	 141
129 	 103
130 	 92
131 	 97
132 	 95
133 	 102
134 	 124
135 	 103
136 	 96
137 	 89
138 	 100
139 	 122
140 	 128
141 	 127
142 	 123
143 	 116
144 	 118
145 	 119
146 	 116
147 	 118
148 	 132
149 	 111
150 	 134
151 	 100
152 	 118
153 	 107
154 	 117
155 	 170
156 	 103
157 	 98
158 	 80
159 	 103
160 	 120
161 	 101
162 	 109
163 	 111
164 	 103
165 	 83
166 	 118
167 	 111
168 	 114
169 	 92
170 	 95
171 	 96
172 	 85
173 	 124
174 	 110
175 	 125
176 	 96
177 	 106
178 	 89
179 	 88
180 	 88
181 	 122
182 	 107
183 	 125
184 	 110
185 	 103
186 	 84
187 	 93
188 	 115
189 	 96
190 	 111
191 	 88
192 	 104
193 	 98
194 	 102
195 	 163
196 	 129
197 	 158
198 	 128
199 	 123
200 	 103
201 	 85
202 	 119
203 	 156
204 	 138
205 	 114
206 	 107
207 	 45
208 	 21
209 	 77
210 	 111
211 	 91
212 	 90
213 	 88
214 	 78
215 	 80
216 	 143
217 	 151
218 	 159
219 	 122
220 	 117
221 	 102
222 	 90
223 	 132
224 	 118
225 	 125
226 	 105
227 	 102
228 	 81
229 	 101
230 	 129
231 	 112
232 	 119
233 	 117
234 	 103
235 	 80
236 	 89
237 	 123
238 	 82
239 	 107
240 	 99
241 	 106
242 	 96
243 	 91
244 	 129
245 	 106
246 	 160
247 	 107
248 	 100
249 	 82
250 	 90
251 	 150
252 	 132
253 	 137
254 	 88
255 	 90
256 	 125
257 	 113
258 	 104
259 	 114
260 	 148
261 	 129
262 	 113
263 	 134
264 	 148
265 	 144
266 	 144
267 	 167
268 	 147
269 	 124
270 	 166
271 	 156
272 	 425
273 	 177
274 	 139
275 	 121
276 	 104
277 	 120
278 	 118
279 	 129
280 	 128
281 	 147
282 	 135
283 	 122
284 	 136
285 	 106
286 	 159
287 	 154
288 	 119
289 	 115
290 	 119
291 	 131
292 	 143
293 	 126
294 	 110
295 	 132
296 	 97
297 	 120
298 	 122
299 	 104
300 	 142
301 	 132
302 	 123
303 	 130
304 	 122
305 	 133
306 	 128
307 	 152
308 	 143
309 	 147
310 	 158
311 	 178
312 	 209
313 	 258
314 	 145
315 	 171
316 	 203
317 	 107
318 	 123
319 	 116
320 	 124
321 	 135
322 	 148
323 	 130
324 	 115
325 	 104
326 	 117
327 	 192
328 	 142
329 	 93
330 	 96
331 	 66
332 	 68
333 	 71
334 	 77
335 	 104
336 	 83
337 	 81
338 	 69
339 	 60
340 	 64
341 	 70
342 	 99
343 	 61
344 	 77
345 	 65
346 	 51
347 	 56
348 	 57
349 	 55
350 	 82
351 	 62
352 	 36
353 	 46
354 	 52
355 	 47
356 	 61
357 	 62
358 	 55
359 	 41
360 	 21
361 	 18
362 	 46
363 	 40
364 	 38
365 	 33
366 	 28
367 	 29
368 	 59
369 	 74
370 	 53
371 	 75
372 	 71
373 	 23
374 	 12
375 	 12
376 	 18
377 	 24
378 	 28
379 	 39
380 	 46
381 	 23
382 	 12
383 	 44
384 	 42
385 	 40
386 	 66
387 	 101
388 	 75
389 	 35
390 	 39
391 	 38
392 	 43
393 	 50
394 	 34
395 	 21
396 	 157
397 	 179
398 	 77
399 	 55
400 	 68
401 	 58
402 	 26
403 	 20
404 	 39
405 	 64
406 	 48
407 	 34
408 	 30
409 	 17
410 	 16
411 	 29
412 	 34
413 	 22
414 	 22
415 	 27
416 	 16
417 	 12
418 	 24
419 	 24
420 	 40
421 	 21
422 	 17
423 	 11
424 	 10
425 	 23
426 	 23
427 	 26
428 	 29
429 	 25
430 	 8
431 	 8
432 	 12
433 	 29
434 	 24
435 	 13
436 	 11
437 	 9
438 	 9
439 	 11
440 	 12
441 	 18
442 	 15
443 	 24
444 	 10
445 	 9
446 	 13
447 	 13
448 	 25
449 	 14
450 	 14
