1.395 -0.2 0.528571
1.435 -0.075 0.414286
1.255 -0.09 0.985714
1.465 -0.005 0.628571
1.375 -0.005 1.07143
1.415 -0.15 0.8
1.425 0 1.12857
1.47 -0.01 1.11429
1.425 -0.175 0.214286
1.35 -0.1 1.21429
1.265 -0.05 0.871429
1.435 -0.05 0.928571
1.62 -0.02 0.971429
1.265 -0.125 1.1
1.3 -0.16 1.12857
1.5 -0.15 1.1
1.245 0 1
1.4 -0.175 0.757143
1.405 -0.07 1.17143
1.43 -0.035 0.885714
1.35 -0.125 1.04286
1.44 -0.1 0.857143
1.365 -0.18 0.571429
1.385 -0.005 1.11429
1.49 -0.11 0.614286
1.55 0.005 0.885714
1.52 0.09 0.885714
1.275 -0.085 0.742857
1.22 -0.225 0.514286
1.26 -0.14 0.585714
1.46 0.015 0.771429
1.3 -0.32 1.27143
1.45 0.05 0.742857
1.33 0.1 1.37143
1.3 -0.245 0.971429
1.325 -0.275 0.528571
1.305 -0.11 0.714286
1.19 -0.14 0.642857
1.06 -0.125 0.671429
1.355 -0.125 0.6
1.265 -0.03 1.38571
1.335 -0.145 1.08571
1.14 -0.145 0.642857
1.21 -0.195 0.771429
1.325 0.04 0.771429
1.375 -0.11 0.942857
1.22 -0.195 0.914286
1.43 0.155 1.08571
1.195 -0.255 0.814286
1.13 -0.28 0.571429
1.22 -0.085 0.885714
1.175 -0.195 0.942857
1.255 -0.11 0.742857
1.265 -0.1 0.985714
1.13 -0.17 0.471429
1.165 -0.24 0.428571
1.235 -0.07 0.728571
1.36 -0.05 1.21429
1.305 0.02 1.31429
1.275 -0.035 0.8
1.325 -0.07 0.971429
1.42 0.12 0.9
1.425 -0.2 0.728571
1.315 -0.145 0.5
1.265 -0.025 0.628571
1.065 -0.04 0.857143
1.245 -0.085 0.614286
1.24 -0.06 0.814286
1.425 0.16 1.41429
1.31 -0.17 0.785714
1.45 -0.08 1.21429
1.34 -0.075 1.08571
1.395 -0.125 0.7
1.185 -0.27 0.614286
1.32 -0.18 0.657143
1.23 -0.125 0.742857
1.275 -0.125 0.771429
0.955 -0.095 1.11429
1.425 -0.06 0.942857
1.455 -0.04 1.37143
1.36 0.13 1.2
1.36 0.005 1.02857
1.4 -0.175 0.942857
1.24 -0.065 0.757143
1.135 -0.015 0.885714
1.23 -0.105 0.885714
1.41 -0.185 0.814286
1.465 -0.09 1.02857
1.415 -0.09 0.771429
1.39 -0.125 0.742857
1.325 0 0.728571
1.35 -0.12 0.814286
1.31 -0.145 0.871429
1.44 -0.025 0.6
1.56 0.05 1.57143
1.27 -0.07 0.828571
1.29 -0.145 0.542857
1.445 -0.15 1.18571
1.46 -0.105 1.08571
1.33 -0.1 1.45714
1.155 0.005 1.08571
1.35 -0.1 0.585714
1.1 -0.135 0.6
1.33 -0.125 0.585714
1.255 -0.53 0.442857
1.185 -0.24 0.728571
1.12 -0.005 1.18571
1.335 -0.1 0.771429
1.15 -0.145 0.6
1.275 -0.255 0.714286
1.03 -0.075 0.528571
1.43 0.01 1.11429
1.13 -0.28 0.528571
1.305 0.085 1.25714
1.355 0.03 1.15714
1.275 -0.085 0.771429
1.295 -0.075 1.01429
1.4 0.03 1.32857
1.275 -0.11 1.11429
1.345 -0.23 0.0571429
1.355 -0.075 0.885714
1.44 -0.04 0.671429
1.355 -0.075 0.771429
1.42 0.1 1.35714
1.185 -0.16 1.05714
1.23 -0.065 0.6
1.42 0.03 1.08571
1.275 -0.015 1.15714
1.265 0.02 1.01429
1.46 0.03 1.15714
1.315 -0.16 1.05714
1.24 -0.22 1.35714
1.315 -0.05 1.6
1.195 -0.125 1.21429
1.305 -0.22 1.32857
1.325 0.03 1.01429
1.175 -0.11 0.814286
1.22 -0.015 1.28571
1.295 -0.195 0.885714
1.305 -0.35 1.11429
1.43 -0.1 1.92857
1.24 -0.05 1.21429
1.355 -0.11 0.885714
1.305 -0.145 1.55714
1.46 0.02 1.08571
1.195 -0.16 0.914286
1.255 -0.065 0.571429
1.185 -0.16 0.571429
1.03 -0.18 0.742857
1.275 -0.16 1.05714
1.305 -0.23 1.08571
1.185 -0.195 0.6
1.195 -0.145 0.914286
1.22 -0.015 1.18571
1.13 -0.11 0.885714
1.24 -0.205 0.771429
1.265 -0.135 0.914286
1.265 -0.24 0.671429
1.44 0.02 1.42857
1.305 -0.11 0.571429
1.335 0.03 1.55714
1.52 0.04 0.985714
1.4 0.04 1.15714
1.305 -0.23 0.742857
1.305 -0.04 0.814286
1.51 0.11 1.21429
1.24 0.235 1.35714
1.23 -0.065 0.885714
1.365 0.01 1.62857
1.295 -0.05 0.885714
1.24 -0.1 1.32857
1.365 -0.145 0.471429
1.365 -0.16 1.62857
1.275 -0.065 1.15714
1.385 -0.075 1.38571
1.43 0.04 0.914286
1.375 0.065 0.771429
1.315 0.04 1.21429
1.315 -0.265 1.21429
1.365 -0.17 1.32857
1.095 -0.205 0.842857
1.265 -0.075 0.742857
1.255 -0.18 1.05714
1.41 0.065 1.28571
1.5 -0.05 1.62857
1.355 -0.015 1.35714
1.295 -0.065 1.38571
1.315 -0.135 0.885714
1.355 -0.015 1.55714
1.51 -0.015 0.842857
1.355 0.055 1.15714
1.31 -0.01 1.2
1.335 -0.04 0.742857
1.4 -0.03 1.52857
1.335 -0.075 1.35714
1.15 -0.015 1.25714
1.345 -0.11 0.714286
1.285 -0.1 0.771429
1.315 -0.015 1.25714
1.295 -0.065 1.08571
1.335 -0.16 0.814286
1.315 0.055 1.77143
1.305 -0.11 1.01429
1.42 -0.135 0.842857
1.285 -0.11 1.01429
1.375 -0.24 0.985714
1.265 -0.085 0.6
1.24 -0.11 1.18571
1.24 -0.085 0.814286
1.275 -0.005 1.05714
1.305 -0.16 0.885714
1.375 -0.03 1.35714
1.375 -0.03 0.842857
1.175 -0.28 0.571429
1.44 -0.04 0.842857
1.325 -0.05 1.05714
1.265 -0.11 0.942857
1.265 0.01 0.942857
1.355 -0.145 0.885714
1.355 0.065 0.942857
1.195 -0.03 1.45714
1.47 -0.3 0.942857
1.295 -0.28 0.671429
1.355 -0.065 1.6
1.4 -0.145 1.6
1.15 -0.145 0.942857
1.105 -0.29 0.528571
1.305 -0.3 1.08571
1.295 -0.28 0.814286
1.195 -0.145 1.08571
1.295 -0.085 1.38571
1.21 -0.16 1.38571
1.335 -0.17 0.842857
1.22 -0.17 1.42857
1.255 -0.18 1.11429
1.195 -0.22 1.01429
1.195 -0.18 1.08571
1.335 -0.18 0.885714
1.41 -0.16 1.15714
1.275 -0.04 1.38571
1.21 -0.325 0.814286
1.295 -0.23 0.942857
1.335 -0.135 1.11429
1.44 0.11 1.62857
1.345 -0.1 1.77143
1.4 -0.11 1.05714
1.325 -0.075 0.814286
1.13 -0.25 0.314286
1.085 -0.18 0.4
0.99 -0.205 0.342857
1.08 -0.105 0.757143
1.025 -0.09 0.6
1.1 -0.1 0.157143
1.025 -0.175 0.2
1.12 0.01 0.685714
1.14 -0.05 0.657143
1.18 -0.06 0.814286
1.13 -0.075 0.214286
1.05 -0.22 0.2
1.225 0 0.471429
0.95 -0.25 0.414286
1 -0.175 0.614286
1.03 -0.21 0.314286
1.06 -0.13 0.0857143
1.2 -0.08 0.8
0.88 -0.22 0.185714
1.13 0 0.728571
1.065 -0.125 0.2
1.15 -0.02 1.04286
1.1 -0.105 0.157143
1.38 0.09 0.842857
1.125 -0.04 0.8
1.055 -0.09 0.257143
1.205 -0.125 0.457143
1.23 -0.07 0.571429
1.275 -0.02 0.485714
1 -0.2 0.3
0.975 -0.18 0.657143
1.03 -0.105 0.228571
1.205 -0.015 0.871429
1.08 -0.09 0.0428571
0.99 -0.185 0.285714
1.085 -0.395 0.385714
1.235 0.08 0.714286
1.025 -0.285 0.142857
1.05 -0.1 0.471429
1.04 -0.18 0.471429
1.13 -0.135 0.571429
1.13 -0.065 0.714286
0.995 -0.1 0.228571
0.915 -0.255 0.471429
1.06 -0.145 0.285714
0.915 -0.04 0.114286
1.05 -0.24 0.357143
0.95 -0.135 0.428571
1.06 -0.065 0.742857
0.995 -0.145 0.714286
1.12 -0.085 0.328571
0.94 -0.065 0.671429
0.95 -0.135 0.714286
0.97 -0.325 0.357143
0.985 -0.11 0.357143
1.03 -0.18 0.157143
0.94 -0.015 0.471429
1.14 -0.17 0.357143
1.165 0.02 0.671429
1.265 -0.04 0.357143
1.195 -0.125 0.228571
1.22 -0.04 0.571429
1 -0.15 0.757143
1.285 -0.05 0.528571
1.23 0.02 1.05714
1.095 -0.085 0.428571
1.03 -0.215 0.214286
1.16 0 0.771429
1.095 -0.05 0.228571
1.095 -0.155 0.3
0.99 -0.18 0.128571
1.08 -0.125 0.528571
1.095 -0.13 0.6
1.095 -0.18 0.371429
1.095 0.01 0.5
1.05 -0.07 0.5
1.06 0.01 0.4
1.005 -0.095 0.442857
1.19 -0.14 0.457143
1.07 -0.19 0.471429
1.18 -0.29 0.185714
1.075 -0.2 0.271429
1.125 -0.13 0.7
1.245 -0.5 0.514286
0.97 -0.195 0.685714
1.185 -0.325 0.342857
0.88 -0.27 0.257143
0.975 -0.22 0.571429
1.085 -0.09 0.5
1.075 -0.15 0.371429
0.96 -0.1 0.914286
1.14 -0.07 0.471429
1.035 -0.225 0.285714
0.945 -0.285 0.257143
1.01 -0.295 0.557143
1.105 -0.285 0.314286
1.135 -0.19 0.542857
1.14 -0.095 0.557143
1.215 -0.275 1.05714
1.11 -0.28 0.585714
1.055 -0.16 0.314286
1.01 -0.245 0.857143
1.04 -0.115 0.342857
1 -0.22 0.557143
1.14 -0.005 0.471429
1.035 -0.15 0.357143
1.225 -0.01 0.742857
1.19 -0.185 0.714286
1.145 -0.05 0.657143
1.135 -0.25 0.371429
1.16 -0.205 0.414286
1.25 0.05 1.04286
1.035 -0.085 0.485714
1.035 -0.205 0.1
1.05 -0.12 0.657143
1 -0.25 0.2
1.1 -0.155 0.371429
1.085 -0.325 0.457143
0.89 -0.19 0.3
0.99 -0.485 0.471429
1 -0.315 0.2
1.185 -0.145 0.357143
0.89 -0.455 0.457143
1.085 -0.35 0.428571
1.19 -0.175 0.485714
1.07 -0.255 0.357143
0.95 -0.11 0.357143
1.16 -0.125 0.914286
1.005 -0.33 0.314286
1.05 -0.24 0.2
1.045 -0.245 0.585714
1 -0.145 0.785714
1.01 -0.28 0.157143
0.995 -0.19 0.0857143
1.05 -0.095 0.685714
1.07 -0.115 0.428571
1.025 -0.115 0.942857
0.955 -0.565 0.3
1.105 -0.25 0.442857
1.01 -0.2 0.471429
1.125 -0.2 0.514286
1.065 -0.255 0.371429
1.11 -0.2 0.685714
1.13 -0.115 0.485714
0.93 -0.285 0.6
0.975 -0.04 0.614286
1.05 -0.145 0.642857
1.02 -0.15 0.542857
1.04 -0.085 0.742857
1.165 -0.085 0.671429
0.94 -0.065 0.528571
1.095 0.055 0.4
0.995 -0.1 0.571429
1.005 -0.085 0.6
1.12 0.01 1.08571
1.095 -0.125 0.328571
1.05 -0.1 0.328571
0.895 -0.17 0.642857
1.165 0.085 0.742857
1.13 0.035 1.52857
1.085 -0.1 0.471429
1.195 -0.24 0.471429
1.14 -0.1 0.4
1.15 0.085 1.18571
1.185 0.02 0.671429
1.105 -0.145 0.471429
1.04 0.01 0.942857
1.175 0.02 0.6
1.175 0.04 0.257143
1.05 0.01 0.671429
0.95 -0.18 0.742857
1.165 -0.17 0.6
1.185 0.165 0.985714
1.095 -0.05 0.985714
1.04 -0.17 0.642857
1.085 -0.05 0.814286
1.085 -0.1 0.771429
1.13 0.065 0.428571
1.005 -0.315 0.642857
1.015 -0.335 0.185714
1.175 -0.17 1.18571
1.14 -0.03 0.257143
1.005 -0.22 0.4
0.87 0.01 0.185714
1.21 0.065 0.528571
1.165 0.04 0.428571
0.895 -0.455 0.714286
1.15 -0.085 0.528571
1.14 0.1 0.4
0.96 -0.04 0.571429
1.13 0.065 0.885714
1.015 -0.23 0.471429
0.995 -0.135 0.528571
1.12 0.1 0.814286
1.06 0.055 1.01429
1.195 -0.05 0.328571
1.05 0.02 0.6
0.915 -0.205 0.571429
1.12 -0.03 0.842857
0.985 -0.03 0.528571
1.185 -0.1 0.328571
1.06 -0.085 0.328571
1.13 -0.11 0.842857
0.995 -0.195 0.357143
0.985 -0.265 0.528571
0.95 -0.16 0.471429
1.14 -0.075 0.571429
1.005 -0.11 0.328571
1.21 -0.005 0.642857
1.005 -0.005 0.571429
1.105 -0.04 0.571429
1.04 -0.03 0.428571
1.015 -0.16 0.642857
1.13 -0.16 0.357143
1.04 -0.05 0.571429
1.05 -0.04 0.5
1.03 -0.085 0.0571429
1.105 -0.11 0.942857
1.03 0.01 1.11429
1.005 -0.03 0.528571
1.04 -0.16 1.32857
1.12 -0.03 0.357143
1.195 -0.075 0.742857
1.12 -0.05 0.528571
1.13 -0.085 0.4
1.005 -0.17 0.428571
1.15 0.165 0.942857
1.085 -0.24 0.642857
1.03 -0.005 0.6
1.03 0.04 1.82857
1.03 -0.135 0.5
1.14 -0.05 0.942857
1.295 -0.065 0.6
0.95 -0.205 0.885714
0.995 0.065 0.985714
1.04 0.075 0.5
1.075 -0.125 0.642857
0.895 -0.16 0.328571
1.095 -0.075 0.228571
1.04 -0.03 0.571429
1.22 -0.085 1.08571
1.075 -0.085 0.528571
1.04 -0.135 0.6
0.97 -0.015 0.5
1.075 -0.17 0.285714
1.175 -0.22 0.428571
1.015 -0.23 0.157143
1.06 -0.065 0.285714
0.995 -0.065 0.4
1.185 -0.015 0.257143
1.13 -0.24 0.742857
0.985 -0.03 0.528571
1.14 -0.015 0.642857
1.24 -0.125 0.771429
1.075 -0.015 0.885714
1.15 0.02 0.428571
1.015 -0.065 0.528571
0.985 -0.255 0.471429
1.175 -0.05 0.185714
1.03 -0.05 0.914286
