0 	 0.18369 	 0.150406 	 0.057305 	 0.32185
1 	 0.18212 	 0.150092 	 0.057462 	 0.32342
2 	 0.18526 	 0.15072 	 0.057148 	 0.32028
3 	 0.17898 	 0.150406 	 0.058404 	 0.32656
4 	 0.189986 	 0.151071 	 0.0600713 	 0.31957
5 	 0.189986 	 0.150649 	 0.0585221 	 0.325929
6 	 0.182091 	 0.154818 	 0.0573235 	 0.328645
7 	 0.182091 	 0.154161 	 0.0570155 	 0.329873
8 	 0.182091 	 0.153136 	 0.0548586 	 0.332746
9 	 0.182091 	 0.150625 	 0.0532622 	 0.334416
10 	 0.182091 	 0.147224 	 0.052379 	 0.335751
11 	 0.188407 	 0.142656 	 0.0516282 	 0.336818
12 	 0.191566 	 0.139284 	 0.0511679 	 0.33712
13 	 0.191566 	 0.138524 	 0.0505986 	 0.337283
14 	 0.191566 	 0.138068 	 0.0512994 	 0.337415
15 	 0.20104 	 0.1359 	 0.0521319 	 0.337201
16 	 0.20104 	 0.136494 	 0.0523655 	 0.337663
17 	 0.199461 	 0.139377 	 0.0528013 	 0.336454
18 	 0.194724 	 0.141422 	 0.0540005 	 0.333594
19 	 0.191566 	 0.14265 	 0.0554935 	 0.329722
20 	 0.191566 	 0.142312 	 0.0557444 	 0.326943
21 	 0.191566 	 0.142362 	 0.0544413 	 0.325982
22 	 0.191566 	 0.139234 	 0.0542815 	 0.32553
23 	 0.191566 	 0.132809 	 0.0582197 	 0.323907
24 	 0.191566 	 0.13085 	 0.0620407 	 0.323555
25 	 0.20104 	 0.133464 	 0.0624461 	 0.327694
26 	 0.202619 	 0.136927 	 0.0637385 	 0.333531
27 	 0.210515 	 0.137741 	 0.0647776 	 0.341123
28 	 0.212094 	 0.146442 	 0.0650096 	 0.345855
29 	 0.215253 	 0.155621 	 0.0632484 	 0.351536
30 	 0.218411 	 0.160327 	 0.0615779 	 0.35829
31 	 0.21999 	 0.159993 	 0.0611053 	 0.366535
32 	 0.21999 	 0.160425 	 0.0614143 	 0.374081
33 	 0.21999 	 0.164474 	 0.0614401 	 0.381064
34 	 0.21999 	 0.170061 	 0.0609882 	 0.388861
35 	 0.219753 	 0.168992 	 0.062973 	 0.396045
36 	 0.220937 	 0.170245 	 0.0641863 	 0.402743
37 	 0.224095 	 0.174772 	 0.0602211 	 0.413503
38 	 0.226464 	 0.17245 	 0.0567728 	 0.42537
39 	 0.228833 	 0.171057 	 0.0548894 	 0.433778
40 	 0.231596 	 0.172116 	 0.0532883 	 0.441773
41 	 0.23436 	 0.174646 	 0.0510985 	 0.449902
42 	 0.235939 	 0.179955 	 0.0506582 	 0.454512
43 	 0.23436 	 0.18314 	 0.0520606 	 0.455831
44 	 0.231991 	 0.184419 	 0.0591742 	 0.450254
45 	 0.231201 	 0.188344 	 0.0659315 	 0.445475
46 	 0.228833 	 0.190068 	 0.0716752 	 0.442916
47 	 0.226859 	 0.199314 	 0.07182 	 0.443082
48 	 0.22449 	 0.203598 	 0.0709954 	 0.44479
49 	 0.219409 	 0.2068 	 0.069584 	 0.44837
50 	 0.217516 	 0.206827 	 0.0695096 	 0.451312
51 	 0.212121 	 0.209369 	 0.0695055 	 0.45422
52 	 0.208368 	 0.220147 	 0.0702126 	 0.457175
53 	 0.207136 	 0.219753 	 0.0715242 	 0.460173
54 	 0.204501 	 0.224727 	 0.0726389 	 0.464149
55 	 0.201657 	 0.226306 	 0.0738236 	 0.470174
56 	 0.199319 	 0.229465 	 0.0745935 	 0.477202
57 	 0.196653 	 0.231044 	 0.0754847 	 0.483142
58 	 0.195054 	 0.235781 	 0.0760056 	 0.487579
59 	 0.19262 	 0.23894 	 0.0772377 	 0.490179
60 	 0.190528 	 0.23894 	 0.0787591 	 0.491313
61 	 0.190115 	 0.23894 	 0.0797359 	 0.49001
62 	 0.189868 	 0.243677 	 0.0798559 	 0.48865
63 	 0.189087 	 0.248414 	 0.0804317 	 0.489457
64 	 0.187229 	 0.254731 	 0.077889 	 0.496421
65 	 0.186241 	 0.257889 	 0.0750884 	 0.504991
66 	 0.186911 	 0.257889 	 0.0789848 	 0.506005
67 	 0.18984 	 0.265785 	 0.0804019 	 0.510605
68 	 0.197282 	 0.268943 	 0.0782899 	 0.519023
69 	 0.201748 	 0.27368 	 0.0753107 	 0.528917
70 	 0.203163 	 0.279997 	 0.0720677 	 0.536516
71 	 0.201627 	 0.283155 	 0.0681688 	 0.537097
72 	 0.197564 	 0.281576 	 0.0711489 	 0.526321
73 	 0.191179 	 0.291051 	 0.074689 	 0.520226
74 	 0.186716 	 0.303684 	 0.0758027 	 0.519139
75 	 0.189091 	 0.31 	 0.0750915 	 0.520166
76 	 0.190516 	 0.314738 	 0.0752567 	 0.522804
77 	 0.191371 	 0.322634 	 0.0758118 	 0.529413
78 	 0.195043 	 0.32895 	 0.0784152 	 0.543229
79 	 0.205457 	 0.333687 	 0.0819904 	 0.554992
80 	 0.217496 	 0.333687 	 0.0869438 	 0.560534
81 	 0.227646 	 0.333687 	 0.0914779 	 0.565282
82 	 0.235125 	 0.335267 	 0.0948107 	 0.570346
83 	 0.240876 	 0.343162 	 0.0970517 	 0.577713
84 	 0.246854 	 0.343162 	 0.0990155 	 0.586053
85 	 0.253598 	 0.344741 	 0.100862 	 0.593752
86 	 0.262067 	 0.351058 	 0.101959 	 0.601175
87 	 0.270396 	 0.358954 	 0.106765 	 0.602849
88 	 0.277199 	 0.36527 	 0.108137 	 0.60943
89 	 0.28128 	 0.371587 	 0.110288 	 0.616539
90 	 0.282465 	 0.381061 	 0.117195 	 0.616721
91 	 0.283808 	 0.390536 	 0.123066 	 0.619076
92 	 0.286383 	 0.404748 	 0.127156 	 0.620012
93 	 0.290581 	 0.414223 	 0.128927 	 0.622656
94 	 0.291836 	 0.428435 	 0.128774 	 0.630455
95 	 0.293221 	 0.442648 	 0.127342 	 0.639697
96 	 0.296578 	 0.45686 	 0.125532 	 0.649459
97 	 0.299224 	 0.471072 	 0.125533 	 0.658056
98 	 0.30397 	 0.483705 	 0.126719 	 0.664302
99 	 0.305554 	 0.501076 	 0.129858 	 0.671197
100 	 0.3084 	 0.518446 	 0.13319 	 0.679298
101 	 0.310739 	 0.534237 	 0.138418 	 0.686379
102 	 0.312143 	 0.54687 	 0.145607 	 0.692172
103 	 0.312985 	 0.559503 	 0.151479 	 0.699335
104 	 0.312858 	 0.562662 	 0.157182 	 0.708852
105 	 0.313414 	 0.570557 	 0.161555 	 0.718363
106 	 0.313748 	 0.567399 	 0.160298 	 0.73292
107 	 0.315212 	 0.556345 	 0.158993 	 0.741721
108 	 0.312931 	 0.532658 	 0.161342 	 0.740996
109 	 0.306509 	 0.490022 	 0.161349 	 0.739275
110 	 0.298866 	 0.444227 	 0.154438 	 0.74428
111 	 0.281964 	 0.411065 	 0.153846 	 0.737294
112 	 0.272453 	 0.376324 	 0.155996 	 0.719955
113 	 0.268642 	 0.3479 	 0.158119 	 0.703162
114 	 0.269577 	 0.32895 	 0.158775 	 0.690282
115 	 0.255768 	 0.330529 	 0.161642 	 0.689453
116 	 0.246314 	 0.360533 	 0.163392 	 0.697237
117 	 0.246326 	 0.390536 	 0.166242 	 0.70607
118 	 0.248409 	 0.418961 	 0.183164 	 0.704453
119 	 0.255795 	 0.444227 	 0.19572 	 0.712946
120 	 0.261489 	 0.471072 	 0.206156 	 0.723534
121 	 0.266801 	 0.499496 	 0.213014 	 0.733108
122 	 0.271252 	 0.515288 	 0.215313 	 0.74516
123 	 0.27708 	 0.523183 	 0.213691 	 0.745354
124 	 0.264154 	 0.497917 	 0.222971 	 0.71993
125 	 0.256579 	 0.45686 	 0.227103 	 0.687453
126 	 0.24718 	 0.423698 	 0.227538 	 0.655054
127 	 0.243056 	 0.395274 	 0.223075 	 0.62724
128 	 0.244371 	 0.366849 	 0.221461 	 0.599555
129 	 0.248951 	 0.338425 	 0.21785 	 0.579129
130 	 0.252962 	 0.327371 	 0.216203 	 0.56942
131 	 0.259474 	 0.357374 	 0.21421 	 0.578394
132 	 0.26875 	 0.377903 	 0.206239 	 0.609574
133 	 0.278737 	 0.395274 	 0.216472 	 0.624791
134 	 0.290415 	 0.409486 	 0.225453 	 0.640692
135 	 0.305318 	 0.425277 	 0.231429 	 0.65578
136 	 0.323078 	 0.452122 	 0.233793 	 0.667379
137 	 0.342034 	 0.471072 	 0.23525 	 0.681141
138 	 0.356186 	 0.496338 	 0.234782 	 0.702195
139 	 0.374941 	 0.516867 	 0.23172 	 0.727563
140 	 0.403722 	 0.524762 	 0.228465 	 0.750702
141 	 0.435518 	 0.523183 	 0.224705 	 0.779069
142 	 0.455733 	 0.523183 	 0.234915 	 0.798791
143 	 0.485042 	 0.523183 	 0.241556 	 0.823854
144 	 0.511471 	 0.515288 	 0.250364 	 0.854532
145 	 0.534277 	 0.513709 	 0.265039 	 0.883072
146 	 0.55112 	 0.515288 	 0.283221 	 0.912503
147 	 0.559962 	 0.537396 	 0.302342 	 0.946004
148 	 0.585164 	 0.56582 	 0.317363 	 0.984393
149 	 0.595661 	 0.600561 	 0.328538 	 1.03818
150 	 0.611725 	 0.576648 	 0.364576 	 1.06309
