0 5.02241537051
1 5.10166027802
2 4.3788855965
3 4.71461975846
4 5.94378647845
5 5.84645881581
6 3.71500981677
7 5.32573690289
8 4.48978555655
9 4.72787390309
10 6.03929392509
11 3.90621126788
12 5.85144764083
13 5.23169801295
14 5.43092060973
15 4.39953613814
16 6.70598103647
17 5.29388848701
18 4.26072309354
19 5.85047729585
20 5.54691876141
21 6.83051734449
22 5.59071238021
23 5.07682128328
24 5.17624845061
25 4.48469961503
26 6.15244428451
27 5.47738688375
28 6.16272259371
29 6.67861265304
30 5.42554929575
