0.000 	 0.26000 	 0.55000 	 0.0707043
0.004 	 0.24246 	 0.54664 	 0.0752476
0.008 	 0.19682 	 0.54561 	 0.0990106
0.012 	 0.17765 	 0.54571 	 0.123483
0.016 	 0.19595 	 0.55241 	 0.144755
0.020 	 0.25603 	 0.56177 	 0.150437
0.024 	 0.36088 	 0.57574 	 0.144688
0.028 	 0.47355 	 0.59480 	 0.130329
0.032 	 0.57740 	 0.61288 	 0.126449
0.036 	 0.64774 	 0.62936 	 0.138278
0.040 	 0.66453 	 0.64196 	 0.159868
0.044 	 0.67654 	 0.65406 	 0.180786
0.048 	 0.69489 	 0.66656 	 0.191444
0.052 	 0.74479 	 0.68045 	 0.191252
0.056 	 0.79124 	 0.69370 	 0.181259
0.060 	 0.81661 	 0.70528 	 0.152885
0.064 	 0.84207 	 0.71596 	 0.109281
0.068 	 0.87061 	 0.72611 	 0.0650956
0.072 	 0.89548 	 0.73515 	 0.03388
0.076 	 0.90655 	 0.74261 	 0.000883797
0.080 	 0.90184 	 0.74714 	 -0.0446031
0.084 	 0.87037 	 0.74942 	 -0.109441
0.088 	 0.81414 	 0.74993 	 -0.228859
0.092 	 0.77232 	 0.75140 	 -0.326618
0.096 	 0.76289 	 0.75316 	 -0.377408
0.100 	 0.77056 	 0.75691 	 -0.388899
0.104 	 0.77872 	 0.76059 	 -0.3771
0.108 	 0.78706 	 0.76387 	 -0.341822
0.112 	 0.78464 	 0.76654 	 -0.257435
0.116 	 0.77623 	 0.76830 	 -0.180679
0.120 	 0.75474 	 0.77022 	 -0.143724
0.124 	 0.73417 	 0.77224 	 -0.13753
0.128 	 0.74158 	 0.77612 	 -0.161547
0.132 	 0.77192 	 0.78045 	 -0.261905
0.136 	 0.82737 	 0.78624 	 -0.312224
0.140 	 0.86629 	 0.79138 	 -0.330984
0.144 	 0.87960 	 0.79440 	 -0.332835
0.148 	 0.85783 	 0.79606 	 -0.319177
0.152 	 0.83456 	 0.79605 	 -0.27975
0.156 	 0.83556 	 0.79722 	 -0.0929247
0.160 	 0.84796 	 0.79899 	 -0.0352605
0.164 	 0.87282 	 0.80053 	 -0.0325476
0.168 	 0.88777 	 0.80182 	 -0.0658161
0.172 	 0.88561 	 0.80080 	 -0.118326
0.176 	 0.86295 	 0.79864 	 -0.174857
0.180 	 0.80602 	 0.79381 	 -0.22443
0.184 	 0.75402 	 0.79096 	 -0.251284
0.188 	 0.74913 	 0.78995 	 -0.25435
0.192 	 0.77066 	 0.78968 	 -0.240168
0.196 	 0.79266 	 0.78967 	 -0.221017
0.200 	 0.77812 	 0.78918 	 -0.213458
0.204 	 0.79542 	 0.78904 	 -0.245261
0.208 	 0.83150 	 0.79080 	 -0.298456
0.212 	 0.87749 	 0.79200 	 -0.296203
0.216 	 0.91020 	 0.79225 	 -0.286882
0.220 	 0.90772 	 0.78938 	 -0.272774
0.224 	 0.87365 	 0.78429 	 -0.249007
0.228 	 0.82419 	 0.77798 	 -0.199833
0.232 	 0.78742 	 0.77143 	 -0.0643917
0.236 	 0.77565 	 0.76711 	 -0.0112927
0.240 	 0.77084 	 0.76279 	 0.0239836
0.244 	 0.76573 	 0.75848 	 0.0441071
0.248 	 0.76062 	 0.75428 	 0.0614576
0.252 	 0.75639 	 0.75021 	 0.076695
0.256 	 0.75283 	 0.74545 	 0.0898892
0.260 	 0.73942 	 0.74037 	 0.09278
0.264 	 0.72275 	 0.73391 	 0.0968573
0.268 	 0.66305 	 0.72740 	 0.102931
0.272 	 0.60204 	 0.72155 	 0.113531
0.276 	 0.59300 	 0.71726 	 0.126406
0.280 	 0.60282 	 0.71599 	 0.141057
0.284 	 0.65697 	 0.71711 	 0.155584
0.288 	 0.72634 	 0.72013 	 0.166906
0.292 	 0.77222 	 0.72084 	 0.171423
0.296 	 0.78432 	 0.72083 	 0.170535
0.300 	 0.76093 	 0.71735 	 0.156881
0.304 	 0.72051 	 0.71375 	 0.127521
0.308 	 0.69209 	 0.70994 	 0.0842146
0.312 	 0.68191 	 0.70708 	 0.0368419
0.316 	 0.68450 	 0.70555 	 -0.00887786
0.320 	 0.69288 	 0.70355 	 -0.065005
0.324 	 0.67940 	 0.70126 	 -0.11229
0.328 	 0.63979 	 0.69661 	 -0.146493
0.332 	 0.57485 	 0.69168 	 -0.168586
0.336 	 0.51070 	 0.68888 	 -0.189398
0.340 	 0.51240 	 0.68781 	 -0.22272
0.344 	 0.52987 	 0.69109 	 -0.257902
0.348 	 0.57392 	 0.69646 	 -0.280917
0.352 	 0.64488 	 0.70400 	 -0.295813
0.356 	 0.70160 	 0.71119 	 -0.313763
0.360 	 0.74877 	 0.71824 	 -0.324008
0.364 	 0.80129 	 0.72416 	 -0.325127
0.368 	 0.82071 	 0.72960 	 -0.318493
0.372 	 0.82546 	 0.73212 	 -0.306177
0.376 	 0.82294 	 0.73392 	 -0.31525
0.380 	 0.80183 	 0.73416 	 -0.334933
0.384 	 0.78526 	 0.73481 	 -0.347189
0.388 	 0.80285 	 0.73582 	 -0.349989
0.392 	 0.81382 	 0.73608 	 -0.356146
0.396 	 0.81704 	 0.73607 	 -0.356802
0.400 	 0.80940 	 0.73558 	 -0.343468
0.404 	 0.81611 	 0.73503 	 -0.283229
0.408 	 0.84526 	 0.73426 	 -0.200138
0.412 	 0.85982 	 0.73223 	 -0.159957
0.416 	 0.85042 	 0.72816 	 -0.15832
0.420 	 0.81334 	 0.72256 	 -0.182653
0.424 	 0.77966 	 0.71595 	 -0.24333
0.428 	 0.76305 	 0.70913 	 -0.320546
0.432 	 0.72946 	 0.70222 	 -0.401228
0.436 	 0.68851 	 0.69433 	 -0.4446
0.440 	 0.65261 	 0.68664 	 -0.446931
0.444 	 0.63472 	 0.67952 	 -0.426869
0.448 	 0.60890 	 0.67265 	 -0.38141
0.452 	 0.57813 	 0.66605 	 -0.313254
0.456 	 0.53939 	 0.66088 	 -0.249278
0.460 	 0.52609 	 0.65630 	 -0.187792
0.464 	 0.54656 	 0.65480 	 -0.135393
0.468 	 0.57422 	 0.65378 	 -0.0835962
0.472 	 0.60143 	 0.65429 	 -0.0217371
0.476 	 0.62721 	 0.65479 	 0.047904
0.480 	 0.65046 	 0.65529 	 0.12799
0.484 	 0.66962 	 0.65550 	 0.19977
0.488 	 0.67892 	 0.65549 	 0.281978
0.492 	 0.68760 	 0.65430 	 0.341345
0.496 	 0.69679 	 0.65277 	 0.391978
0.500 	 0.69706 	 0.65100 	 0.435887
0.504 	 0.69507 	 0.64895 	 0.458826
0.508 	 0.68419 	 0.64590 	 0.469598
0.512 	 0.66511 	 0.64241 	 0.468085
0.516 	 0.63800 	 0.63835 	 0.459933
0.520 	 0.61811 	 0.63429 	 0.443573
0.524 	 0.60211 	 0.63022 	 0.426249
0.528 	 0.58538 	 0.62660 	 0.40937
0.532 	 0.55757 	 0.62316 	 0.39492
0.536 	 0.54160 	 0.62087 	 0.382946
0.540 	 0.54928 	 0.61927 	 0.373735
0.544 	 0.56109 	 0.61926 	 0.368412
0.548 	 0.57407 	 0.61991 	 0.365617
0.552 	 0.58809 	 0.62116 	 0.366363
0.556 	 0.61078 	 0.62224 	 0.369932
0.560 	 0.62887 	 0.62325 	 0.375995
0.564 	 0.64674 	 0.62496 	 0.383804
0.568 	 0.65977 	 0.62646 	 0.392641
0.572 	 0.66500 	 0.62645 	 0.4029
0.576 	 0.66651 	 0.62571 	 0.414824
0.580 	 0.65243 	 0.62369 	 0.429447
0.584 	 0.64189 	 0.62224 	 0.443594
0.588 	 0.64538 	 0.62122 	 0.45588
0.592 	 0.66211 	 0.62061 	 0.465171
0.596 	 0.67005 	 0.62008 	 0.470033
0.600 	 0.64859 	 0.61653 	 0.472732
0.604 	 0.63364 	 0.61336 	 0.472245
0.608 	 0.63084 	 0.61159 	 0.46999
0.612 	 0.64920 	 0.60958 	 0.466203
0.616 	 0.65717 	 0.60730 	 0.456882
0.620 	 0.63851 	 0.60368 	 0.446466
0.624 	 0.61004 	 0.59936 	 0.435143
0.628 	 0.58989 	 0.59482 	 0.42382
0.632 	 0.57772 	 0.59036 	 0.412526
0.636 	 0.57136 	 0.58706 	 0.40126
0.640 	 0.56909 	 0.58399 	 0.390601
0.644 	 0.57309 	 0.58146 	 0.381517
0.648 	 0.58290 	 0.57865 	 0.375447
0.652 	 0.58214 	 0.57560 	 0.36219
0.656 	 0.58063 	 0.57275 	 0.333586
0.660 	 0.57734 	 0.56995 	 0.294753
0.664 	 0.57763 	 0.56692 	 0.260211
0.668 	 0.58141 	 0.56392 	 0.233889
0.672 	 0.58709 	 0.56112 	 0.207927
0.676 	 0.59353 	 0.55813 	 0.193623
0.680 	 0.60005 	 0.55483 	 0.185508
0.684 	 0.59223 	 0.55028 	 0.178581
0.688 	 0.56790 	 0.54495 	 0.170891
0.692 	 0.54143 	 0.53940 	 0.162489
0.696 	 0.52488 	 0.53382 	 0.152903
0.700 	 0.50595 	 0.52848 	 0.137853
0.704 	 0.49568 	 0.52355 	 0.120169
0.708 	 0.50047 	 0.51975 	 0.10172
0.712 	 0.50617 	 0.51619 	 0.0843873
0.716 	 0.51277 	 0.51288 	 0.0682393
0.720 	 0.52340 	 0.50941 	 0.053516
0.724 	 0.53215 	 0.50585 	 0.0521173
0.728 	 0.53408 	 0.50136 	 0.0587128
0.732 	 0.51888 	 0.49668 	 0.0690125
0.736 	 0.50614 	 0.49135 	 0.084326
0.740 	 0.49412 	 0.48592 	 0.114523
0.744 	 0.46966 	 0.48032 	 0.145104
0.748 	 0.45707 	 0.47502 	 0.173098
0.752 	 0.43985 	 0.46994 	 0.190246
0.756 	 0.42897 	 0.46506 	 0.205956
0.760 	 0.41619 	 0.46025 	 0.22008
0.764 	 0.40118 	 0.45593 	 0.229146
0.768 	 0.38331 	 0.45180 	 0.230795
0.772 	 0.36748 	 0.44824 	 0.231597
0.776 	 0.37155 	 0.44549 	 0.230541
0.780 	 0.37489 	 0.44371 	 0.224757
0.784 	 0.36930 	 0.44244 	 0.220556
0.788 	 0.36863 	 0.44143 	 0.217227
0.792 	 0.37686 	 0.44219 	 0.21507
0.796 	 0.41188 	 0.44324 	 0.215725
0.800 	 0.43602 	 0.44476 	 0.218382
0.804 	 0.46398 	 0.44635 	 0.221711
0.808 	 0.48993 	 0.44811 	 0.225681
0.812 	 0.50275 	 0.44896 	 0.230394
0.816 	 0.50786 	 0.44895 	 0.235718
0.820 	 0.50811 	 0.44765 	 0.241233
0.824 	 0.50124 	 0.44587 	 0.246961
0.828 	 0.49265 	 0.44313 	 0.253249
0.832 	 0.48680 	 0.44038 	 0.259599
0.836 	 0.48138 	 0.43784 	 0.265681
0.840 	 0.47732 	 0.43473 	 0.272474
0.844 	 0.46074 	 0.43066 	 0.279828
0.848 	 0.44074 	 0.42690 	 0.288664
0.852 	 0.43807 	 0.42335 	 0.2971
0.856 	 0.43989 	 0.41979 	 0.305258
0.860 	 0.43298 	 0.41622 	 0.313747
0.864 	 0.42201 	 0.41215 	 0.321747
0.868 	 0.40277 	 0.40783 	 0.329218
0.872 	 0.37484 	 0.40275 	 0.33699
0.876 	 0.37155 	 0.39875 	 0.344054
0.880 	 0.37098 	 0.39595 	 0.349808
0.884 	 0.37224 	 0.39316 	 0.355283
0.888 	 0.37675 	 0.39037 	 0.360699
0.892 	 0.38205 	 0.38758 	 0.366096
0.896 	 0.38772 	 0.38485 	 0.369603
0.900 	 0.39339 	 0.38256 	 0.371502
0.904 	 0.39905 	 0.38010 	 0.368691
0.908 	 0.40248 	 0.37731 	 0.366291
0.912 	 0.40296 	 0.37396 	 0.364182
0.916 	 0.39202 	 0.37015 	 0.362584
0.920 	 0.38079 	 0.36594 	 0.362556
0.924 	 0.36981 	 0.36162 	 0.36488
0.928 	 0.35481 	 0.35730 	 0.369093
0.932 	 0.33783 	 0.35293 	 0.373368
0.936 	 0.32027 	 0.34836 	 0.376953
0.940 	 0.30930 	 0.34411 	 0.382488
0.944 	 0.30271 	 0.34030 	 0.388755
0.948 	 0.30547 	 0.33797 	 0.399672
0.952 	 0.31775 	 0.33644 	 0.410579
0.956 	 0.34617 	 0.33514 	 0.421487
0.960 	 0.36579 	 0.33383 	 0.432426
0.964 	 0.38378 	 0.33204 	 0.446525
0.968 	 0.39048 	 0.32968 	 0.468705
0.972 	 0.38745 	 0.32587 	 0.499835
0.976 	 0.37787 	 0.32116 	 0.530425
0.980 	 0.35933 	 0.31556 	 0.561607
0.984 	 0.32357 	 0.30960 	 0.591858
0.988 	 0.30013 	 0.30350 	 0.6232
0.992 	 0.28791 	 0.29823 	 0.640083
0.996 	 0.27896 	 0.29363 	 0.643106
