1.20633841071206
0.187684396274087
5.09994286207362
4.06097090523893
0.904667322085864
0.392802044047618
1.40801491840608
1.59832188288928
0.300243001102096
0.356004250084364
4.46203819756586
5.54350984312847
1.25027550847189
0.212195382162988
1.43944169125726
2.36484070547496
0.754127387330165
0.591192334677945
2.21431837950063
1.77765627674176
3.53284892616325
3.67746278814233
5.81901357283772
0.42685765333513
1.94809850952643
0.524621421757922
0.256208884457669
1.69187325180591
3.4008400633356
1.37263492511239
0.192464502021185
0.224188281349013
1.73570852474344
2.92775237262762
1.64975917740456
0.597807597483478
1.29020364864876
1.51182047091625
0.302649086833874
0.796586738734828
0.246251729765775
1.71810810536562
1.32814339616319
1.88817549819341
0.795766752537435
0.454479090811048
2.47713403649297
1.48147799946144
8.1960892763972
2.73114577434871
1.03485697817804
0.907206337056673
0.761927029004858
1.02664725733198
4.99139375686187
0.434450414992278
0.921301848772828
0.809961509129064
0.383657597807469
10.5191384487062
3.23322827882187
0.473821041649802
4.37309369278521
1.25661418715459
1.6436032022692
1.63528039618566
1.43126932970245
5.19855388109457
1.58110586677714
0.328063655233677
0.293823802097528
0.491127334078796
1.2530101140724
0.636683470680499
0.300497795134513
0.543545143456016
0.583186823514095
0.589195336546926
0.763760949802721
1.0227716254688
0.502907308429449
0.4924168350476
0.819501002662492
2.17104109990028
5.4455469294781
0.424514461632749
0.775186042905981
0.765019864553361
1.59273068140952
0.647028483075635
0.342301933102775
2.72394871860544
3.4724292228451
3.2058805035743
0.394625238421816
0.405534569479596
3.43099430012147
4.16282693633237
0.418895357668248
0.997639951121089
5.81185941460628
4.11574550084608
5.63243730081961
0.880314907379467
0.636537969783093
4.98848476652728
0.886467312836975
2.95496744662306
0.238071362551718
0.784125815902255
3.62266981254419
1.80266470584794
5.04444504543936
1.03394942665469
0.637594940207821
0.360720727146796
0.541162640304164
0.808334488004579
6.91765751887
3.69465789977572
0.42853629000705
0.630381572311415
0.246714714822949
6.21643449582628
4.88849673835023
8.99252782183816
2.01904766147743
3.82050837236907
1.08913772344063
2.49980356362006
0.573849045014507
0.945192596095898
4.31436604503673
0.891374415025757
2.45707191327158
0.538780927740338
0.359936708668343
3.57764979813245
0.136226035148827
1.85869977653999
1.54401034314006
6.61426161173219
3.14379379583432
4.16954709958009
1.48639847658083
0.520213063276198
4.89523296757772
0.902801548407284
0.542892108243755
0.12032107876116
0.927079245239183
1.23701713382734
0.710269841791873
1.40970525933942
0.524911561402632
3.09928453339766
0.212699728030268
0.794779956912271
3.48215037527592
0.651801124737884
0.802728996199936
0.546336060164567
3.10423126802091
1.25485242444618
1.8762328264219
1.0325035869104
4.57188965822918
0.446812576521627
0.678330349940482
1.17143093668224
2.5446684180389
2.2594043623393
4.71297022632145
0.57909302404242
2.40841025895567
3.39352695628297
4.67850863125592
0.363585042027633
0.584191236481966
2.4136846366723
3.81801934216585
3.33329576176525
3.79235146073299
1.72681957274672
5.52389615300543
2.33085211583902
0.655944966689882
0.872634294129532
2.32017978810663
2.23248919469257
0.839797182890917
2.12419425464131
0.560771031699555
0.72857730913327
0.750633344375519
1.47869366325634
0.616180139940143
0.295053703246651
3.34374658528967
0.478865034850531
3.44903781335714
2.17676700328343
3.72320308364663
0.858466253111385
2.84118931270267
0.1878290654775
2.35578767502615
5.7679036124627
0.354578423392328
0.948893281755269
0.410311488633421
0.854415516923365
0.876491902251853
4.84186500137225
9.38291592936801
1.04088234233421
0.431829121254295
1.27682558456345
0.350715853702284
1.18344620573249
1.15978783840518
1.03471950908941
0.463435760245222
3.18436471593603
0.526086722656439
1.61899822793997
0.444201366578157
1.26883962378155
0.274286187703351
0.539634705174488
2.3721238135327
2.30516643256142
1.85579769654379
1.36567950858164
5.38521041106391
0.539012353464284
1.68726426039271
0.395745372899228
2.11105553916479
3.91189701506546
2.68503999864261
1.16772933729736
5.38311758174183
0.425109485376499
3.43120809328737
1.83535218524538
3.64808698722627
1.56768496306209
0.324496541537666
0.485969942559245
4.3378242159729
0.802794368356422
4.99738585540578
1.34672546092724
3.09282710391806
4.00639861213524
3.47693745121285
0.488010806529634
1.02089171357025
0.808100785648208
1.46201690005034
1.5058784321979
1.39620706031456
0.74980922206423
3.51852560711819
0.877462654611137
0.339904582438268
3.41183332048474
1.25846618309012
0.419405110135851
0.854265013429962
4.88290488275983
1.77007839602944
0.731111889601778
1.15033195240012
0.680444146600084
0.713537546109904
0.665997038546976
1.41883624001278
3.36173861550212
5.8362686070518
0.285798353190535
0.507953862606648
10.2978435682182
5.82961944394208
3.33212527640864
3.76142057182386
0.351627289560282
4.54772104363299
3.59218360767598
5.51020757831164
0.722708574001867
1.49454353050986
1.88766975137371
0.328333657028951
0.544334682104223
2.37243523328074
3.04114180213124
0.920359379889021
3.91809638175544
