# Day Machine Defects
1 1 2
1 3 0
1 4 1
1 5 2
1 6 0
1 7 0
1 8 1
1 9 0
1 10 1
1 11 0
1 12 0
1 13 0
1 14 2
1 15 1
1 16 1
1 18 0
1 19 0
2 1 1
2 2 0
2 3 0
2 4 0
2 6 2
2 7 0
2 8 1
2 9 0
2 10 0
2 12 1
2 13 0
2 14 1
2 15 0
2 16 2
2 17 0
2 18 2
2 19 0
2 20 1
3 1 0
3 2 0
3 3 0
3 4 0
3 5 1
3 6 1
3 7 0
3 9 0
3 10 0
3 11 0
3 12 0
3 13 50
3 14 1
3 15 1
3 16 1
3 17 0
3 18 0
3 19 2
3 20 0
4 1 1
4 2 0
4 3 0
4 4 0
4 5 1
4 6 0
4 7 2
4 8 2
4 9 0
4 10 1
4 11 0
4 13 0
4 14 1
4 15 0
4 16 1
4 18 0
4 19 0
4 20 0
5 2 0
5 3 0
5 4 0
5 5 1
5 6 0
5 7 0
5 8 1
5 9 1
5 10 0
5 11 1
5 12 0
5 13 0
5 14 1
5 15 2
5 16 1
5 17 0
5 18 0
5 19 0
5 20 0
6 1 0
6 3 0
6 4 2
6 5 1
6 9 0
6 14 1
6 15 2
6 16 0
6 19 0
7 3 0
7 10 0
7 13 0
7 18 0
8 3 2
8 4 1
8 7 5
8 8 5
8 9 0
8 10 2
8 11 2
8 12 2
8 13 1
8 15 3
8 16 3
8 17 1
8 18 0
8 20 0
9 1 1
9 2 1
9 3 1
9 4 1
9 5 1
9 6 4
9 7 0
9 8 2
9 9 4
9 10 0
9 11 0
9 13 1
9 14 2
9 15 2
9 16 5
9 17 3
9 18 1
9 19 0
9 20 2
10 2 1
10 3 1
10 4 0
10 5 4
10 6 4
10 7 1
10 8 3
10 9 1
10 10 1
10 11 0
10 12 2
10 13 0
10 14 3
10 15 4
10 16 3
10 17 1
10 18 1
10 19 2
10 20 2
11 1 1
11 2 1
11 3 1
11 4 1
11 5 3
11 6 5
11 8 4
11 9 2
11 10 2
11 11 0
11 12 0
11 13 0
11 14 0
11 15 3
11 16 4
11 17 3
11 18 1
11 19 0
11 20 2
12 1 1
12 2 1
12 3 1
12 4 1
12 5 6
12 6 0
12 7 0
12 8 4
12 9 0
12 10 1
12 11 1
12 12 1
12 13 0
12 15 2
12 16 5
12 17 0
12 18 1
12 19 0
13 1 1
13 6 3
13 8 3
13 9 1
13 10 0
13 11 0
13 12 1
13 13 0
13 14 2
13 15 2
13 16 4
14 3 0
14 4 1
14 6 5
14 7 2
14 8 6
14 9 0
14 11 2
14 13 3
14 14 1
14 16 3
14 18 0
14 19 1
15 1 2
15 2 0
15 3 2
15 4 1
15 5 6
15 6 1
15 7 2
15 9 2
15 10 1
15 11 0
15 12 0
15 13 0
15 14 5
15 15 1
15 16 3
15 17 0
15 18 1
15 19 0
15 20 1
16 1 1
16 2 0
16 3 0
16 4 0
16 5 1
16 6 5
16 8 3
16 9 0
16 10 2
16 11 0
16 13 1
16 14 2
16 15 4
16 16 3
16 17 0
16 18 0
16 19 1
16 20 3
17 1 0
17 2 0
17 3 0
17 4 50
17 6 2
17 7 3
17 8 1
17 9 1
17 10 0
17 12 0
17 13 0
17 14 2
17 15 1
17 16 0
17 17 0
17 18 0
17 19 0
17 20 1
18 1 0
18 2 1
18 3 0
18 4 0
18 6 4
18 7 4
18 8 3
18 9 0
18 10 0
18 11 0
18 12 0
18 13 0
18 14 3
18 15 3
18 16 0
18 17 0
18 18 0
18 20 1
19 1 0
19 3 0
19 4 1
19 7 1
19 8 2
19 10 0
19 11 1
19 12 3
19 14 1
19 17 0
19 18 1
19 19 0
19 20 0
20 2 0
20 3 0
20 6 2
20 9 1
20 11 0
20 16 1
20 19 0
20 20 0
21 4 0
21 5 1
21 10 0
21 20 0
22 1 0
22 2 0
22 3 0
22 4 0
22 5 3
22 6 1
22 7 6
22 8 2
22 9 0
22 11 0
22 12 0
22 13 2
22 15 3
22 16 1
22 17 0
22 18 0
22 19 0
22 20 0
23 1 0
23 2 0
23 3 0
23 5 1
23 7 0
23 8 1
23 9 0
23 10 0
23 11 2
23 12 1
23 13 0
23 14 0
23 15 0
23 16 1
23 17 0
23 18 0
24 1 1
24 2 0
24 3 0
24 4 0
24 5 0
24 6 1
24 7 0
24 8 1
24 9 0
24 10 1
24 11 0
24 12 0
24 13 0
24 14 2
24 15 3
24 16 2
24 17 1
24 18 0
24 19 1
24 20 0
25 1 0
25 2 0
25 3 0
25 4 0
25 5 0
25 6 1
25 7 0
25 8 2
25 9 0
25 10 1
25 11 1
25 12 0
25 13 0
25 14 0
25 15 1
25 16 0
25 17 0
25 18 0
25 20 0
26 1 0
26 2 0
26 4 0
26 5 0
26 6 1
26 7 0
26 8 0
26 9 0
26 11 0
26 13 0
26 14 1
26 15 1
26 16 1
26 17 1
26 18 0
26 19 0
26 20 0
27 2 0
27 3 0
27 5 0
27 6 1
27 7 2
27 8 2
27 9 0
27 10 0
27 12 0
27 13 0
27 14 0
27 17 50
27 18 0
27 19 1
28 1 0
28 2 0
28 3 0
28 5 1
28 6 2
28 7 0
28 10 1
28 11 0
28 14 1
28 15 0
28 16 0
28 17 0
28 19 0
28 20 0
29 1 0
29 2 0
29 3 0
29 4 0
29 5 1
29 6 0
29 7 0
29 8 0
29 9 0
29 10 1
29 11 0
29 13 1
29 14 0
29 15 1
29 16 1
29 17 0
29 18 0
29 20 1
30 1 0
30 2 0
30 3 0
30 4 1
30 5 1
30 6 1
30 7 1
30 8 1
30 9 0
30 10 1
30 11 0
30 12 1
30 13 0
30 14 0
30 15 1
30 16 1
30 17 0
30 18 0
30 19 0
30 20 1
31 1 0
31 2 1
31 3 0
31 4 0
31 5 1
31 6 1
31 7 0
31 8 0
31 10 0
31 11 0
31 12 0
31 13 0
31 14 3
31 15 4
31 16 0
31 17 0
31 18 0
31 19 1
31 20 0
