135 	 1
140 	 2
145 	 4
150 	 7
155 	 11
160 	 13
165 	 35
170 	 29
175 	 34
180 	 44
185 	 35
190 	 25
195 	 23
200 	 15
205 	 9
210 	 12
215 	 13
220 	 22
225 	 29
230 	 40
235 	 51
240 	 46
245 	 85
250 	 60
255 	 64
260 	 82
265 	 67
270 	 84
275 	 73
280 	 78
285 	 93
290 	 73
295 	 86
300 	 85
305 	 63
310 	 57
315 	 67
320 	 53
325 	 54
330 	 49
335 	 38
340 	 32
345 	 24
350 	 33
355 	 14
360 	 12
365 	 14
370 	 9
375 	 15
380 	 7
385 	 9
390 	 6
395 	 4
400 	 6
405 	 4
410 	 5
415 	 8
420 	 7
425 	 1
430 	 9
435 	 5
440 	 1
445 	 3
