1897	175.167	NaN
1898	162.000	NaN
1899	174.633	NaN
1900	159.733	NaN
1901	149.383	NaN
1902	163.200	NaN
1903	161.483	NaN
1904	158.067	NaN
1905	158.417	NaN
1906	165.750	NaN
1907	144.400	NaN
1908	145.717	NaN
1909	173.600	NaN
1910	148.867	NaN
1911	141.650	NaN
1912	141.300	NaN
1913	145.233	NaN
1914	145.233	NaN
1915	151.683	NaN
1916	147.267	NaN
1917	148.617	NaN
1918	149.883	NaN
1919	149.217	NaN
1920	149.517	NaN
1921	138.950	NaN
1922	138.167	NaN
1923	143.783	NaN
1924	149.667	NaN
1925	153.000	NaN
1926	145.667	NaN
1927	160.367	NaN
1928	157.117	NaN
1929	153.133	NaN
1930	154.800	NaN
1931	166.750	NaN
1932	153.600	NaN
1933	151.017	NaN
1934	152.883	NaN
1935	152.117	NaN
1936	153.667	NaN
1937	153.333	NaN
1938	155.567	NaN
1939	148.850	NaN
1940	148.467	NaN
1941	150.633	NaN
1942	146.850	NaN
1943	148.417	NaN
1944	151.833	NaN
1945	150.667	NaN
1946	149.450	NaN
1947	145.650	NaN
1948	151.033	NaN
1949	151.833	NaN
1950	152.650	NaN
1951	147.750	NaN
1952	151.883	NaN
1953	138.850	NaN
1954	140.650	NaN
1955	138.367	NaN
1956	134.233	NaN
1957	140.083	NaN
1958	145.900	NaN
1959	142.700	NaN
1960	140.900	NaN
1961	143.650	NaN
1962	143.800	NaN
1963	138.967	NaN
1964	139.983	NaN
1965	136.550	NaN
1966	137.183	201.667
1967	135.750	207.283
1968	142.283	210.000
1969	133.817	202.767
1970	130.500	185.117
1971	138.750	188.500
1972	135.650	190.433
1973	136.050	185.983
1974	133.650	167.183
1975	129.917	162.400
1976	140.317	167.167
1977	134.767	168.550
1978	130.217	164.867
1979	129.450	155.250
1980	132.183	154.467
1981	129.433	146.767
1982	128.867	149.550
1983	129.000	142.717
1984	130.567	149.280
1985	134.083	154.060
1986	127.850	144.917
1987	131.833	145.350
1988	128.717	144.500
1989	129.100	144.550
1990	128.317	145.400


1991	131.100	144.300
1992	128.233	143.717
1993	129.550	145.450
1994	127.250	141.750
1995	129.367	145.183
1996	129.250	147.200
1997	130.567	146.383
1998	127.567	143.350
1999	129.867	143.417
2000	129.783	146.183
2001	129.717	143.883
2002	129.033	140.717
2003	130.183	145.333
2004	130.617	144.450
2005	131.750	145.217
2006	127.233	143.633
2007	134.217	149.300
2008	127.750	145.417
2009	128.700	152.267
2010	125.867	146.183
2011	123.033	142.600
2012	132.667	151.833
2013	130.367	146.417
2014	128.617	138.950
