1 	 1.96667
1.05901 	 1.96466
1.11802 	 1.9626
1.17704 	 1.96048
1.23605 	 1.95833
1.29506 	 1.95615
1.35407 	 1.95396
1.41308 	 1.95178
1.47209 	 1.94962
1.53111 	 1.94749
1.59012 	 1.94541
1.64913 	 1.94339
1.70814 	 1.94144
1.76715 	 1.93957
1.82617 	 1.93781
1.88518 	 1.93616
1.94419 	 1.93464
2.0032 	 1.93326
2.06221 	 1.93193
2.12122 	 1.93058
2.18024 	 1.92921
2.23925 	 1.92785
2.29826 	 1.92651
2.35727 	 1.92519
2.41628 	 1.92392
2.4753 	 1.92271
2.53431 	 1.92157
2.59332 	 1.92051
2.65233 	 1.91956
2.71134 	 1.91871
2.77035 	 1.918
2.82937 	 1.91742
2.88838 	 1.917
2.94739 	 1.91674
3.0064 	 1.91667
3.06541 	 1.91667
3.12442 	 1.91667
3.18344 	 1.91667
3.24245 	 1.91667
3.30146 	 1.91667
3.36047 	 1.91667
3.41948 	 1.91667
3.4785 	 1.91667
3.53751 	 1.91667
3.59652 	 1.91667
3.65553 	 1.91667
3.71454 	 1.91667
3.77355 	 1.91667
3.83257 	 1.91667
3.89158 	 1.91667
3.95059 	 1.91667
4.0096 	 1.91666
4.06861 	 1.91655
4.12763 	 1.91628
4.18664 	 1.91585
4.24565 	 1.91528
4.30466 	 1.91458
4.36367 	 1.91376
4.42268 	 1.91283
4.4817 	 1.9118
4.54071 	 1.91067
4.59972 	 1.90947
4.65873 	 1.9082
4.71774 	 1.90687
4.77676 	 1.90549
4.83577 	 1.90407
4.89478 	 1.90262
4.95379 	 1.90115
5.0128 	 1.89967
5.07181 	 1.89799
5.13083 	 1.89604
5.18984 	 1.89383
5.24885 	 1.8914
5.30786 	 1.88876
5.36687 	 1.88594
5.42589 	 1.88296
5.4849 	 1.87984
5.54391 	 1.8766
5.60292 	 1.87326
5.66193 	 1.86985
5.72094 	 1.86639
5.77996 	 1.8629
5.83897 	 1.85941
5.89798 	 1.85592
5.95699 	 1.85248
6.016 	 1.84908
6.07502 	 1.84556
6.13403 	 1.84187
6.19304 	 1.83804
6.25205 	 1.83409
6.31106 	 1.83003
6.37007 	 1.82591
6.42909 	 1.82173
6.4881 	 1.81752
6.54711 	 1.8133
6.60612 	 1.80911
6.66513 	 1.80496
6.72414 	 1.80087
6.78316 	 1.79687
6.84217 	 1.79299
6.90118 	 1.78924
6.96019 	 1.78565
7.0192 	 1.78224
7.07822 	 1.77889
7.13723 	 1.77558
7.19624 	 1.77231
7.25525 	 1.76907
7.31426 	 1.76589
7.37327 	 1.76275
7.43229 	 1.75966
7.4913 	 1.75663
7.55031 	 1.75366
7.60932 	 1.75075
7.66833 	 1.74791
7.72735 	 1.74514
7.78636 	 1.74244
7.84537 	 1.73982
7.90438 	 1.73727
7.96339 	 1.73481
8.0224 	 1.73244
8.08142 	 1.73016
8.14043 	 1.72796
8.19944 	 1.72583
8.25845 	 1.72377
8.31746 	 1.72177
8.37648 	 1.71981
8.43549 	 1.71789
8.4945 	 1.71601
8.55351 	 1.71415
8.61252 	 1.7123
8.67153 	 1.71047
8.73055 	 1.70863
8.78956 	 1.70678
8.84857 	 1.70492
8.90758 	 1.70303
8.96659 	 1.70111
9.02561 	 1.69913
9.08462 	 1.69696
9.14363 	 1.69462
9.20264 	 1.69215
9.26165 	 1.68959
9.32066 	 1.68698
9.37968 	 1.68436
9.43869 	 1.68178
9.4977 	 1.67926
9.55671 	 1.67686
9.61572 	 1.67462
9.67473 	 1.67257
9.73375 	 1.67076
9.79276 	 1.66923
9.85177 	 1.66802
9.91078 	 1.66717
9.96979 	 1.66673
10.0288 	 1.66667
10.0878 	 1.66667
10.1468 	 1.66667
10.2058 	 1.66667
10.2649 	 1.66667
10.3239 	 1.66667
10.3829 	 1.66667
10.4419 	 1.66667
10.5009 	 1.66667
10.5599 	 1.66667
10.6189 	 1.66667
10.6779 	 1.66667
10.7369 	 1.66667
10.796 	 1.66667
10.855 	 1.66667
10.914 	 1.66667
10.973 	 1.66667
11.032 	 1.66679
11.091 	 1.66762
11.15 	 1.66919
11.209 	 1.67142
11.2681 	 1.67426
11.3271 	 1.67764
11.3861 	 1.68148
11.4451 	 1.68574
11.5041 	 1.69033
11.5631 	 1.69519
11.6221 	 1.70027
11.6811 	 1.70549
11.7401 	 1.71078
11.7992 	 1.71608
11.8582 	 1.72133
11.9172 	 1.72646
11.9762 	 1.73141
12.0352 	 1.73617
12.0942 	 1.74101
12.1532 	 1.74596
12.2122 	 1.75104
12.2713 	 1.75624
12.3303 	 1.76157
12.3893 	 1.76704
12.4483 	 1.77266
12.5073 	 1.77843
12.5663 	 1.78436
12.6253 	 1.79045
12.6843 	 1.79671
12.7433 	 1.80314
12.8024 	 1.80976
12.8614 	 1.81657
12.9204 	 1.82357
12.9794 	 1.83077
13.0384 	 1.83827
13.0974 	 1.84634
13.1564 	 1.85495
13.2154 	 1.86403
13.2745 	 1.87354
13.3335 	 1.88339
13.3925 	 1.89353
13.4515 	 1.9039
13.5105 	 1.91444
13.5695 	 1.92508
13.6285 	 1.93576
13.6875 	 1.94642
13.7465 	 1.957
13.8056 	 1.96743
13.8646 	 1.97766
13.9236 	 1.98761
13.9826 	 1.99723
14.0416 	 2.00652
14.1006 	 2.0156
14.1596 	 2.02451
14.2186 	 2.03329
14.2777 	 2.04196
14.3367 	 2.05054
14.3957 	 2.05907
14.4547 	 2.06758
14.5137 	 2.07609
14.5727 	 2.08463
14.6317 	 2.09323
14.6907 	 2.10192
14.7497 	 2.11072
14.8088 	 2.11967
14.8678 	 2.12879
14.9268 	 2.13811
14.9858 	 2.14766
15.0448 	 2.15752
15.1038 	 2.16778
15.1628 	 2.1784
15.2218 	 2.18932
15.2809 	 2.20047
15.3399 	 2.2118
15.3989 	 2.22325
15.4579 	 2.23477
15.5169 	 2.24629
15.5759 	 2.25776
15.6349 	 2.26911
15.6939 	 2.2803
15.753 	 2.29125
15.812 	 2.30192
15.871 	 2.31225
15.93 	 2.32217
15.989 	 2.33163
16.048 	 2.34094
16.107 	 2.35076
16.166 	 2.36097
16.225 	 2.37142
16.2841 	 2.38198
16.3431 	 2.3925
16.4021 	 2.40286
16.4611 	 2.41291
16.5201 	 2.42251
16.5791 	 2.43153
16.6381 	 2.43982
16.6971 	 2.44726
16.7562 	 2.45369
16.8152 	 2.45898
16.8742 	 2.463
16.9332 	 2.4656
16.9922 	 2.46665
17.0512 	 2.46667
17.1102 	 2.46667
17.1692 	 2.46667
17.2282 	 2.46667
17.2873 	 2.46667
17.3463 	 2.46667
17.4053 	 2.46667
17.4643 	 2.46667
17.5233 	 2.46667
17.5823 	 2.46667
17.6413 	 2.46667
17.7003 	 2.46667
17.7594 	 2.46667
17.8184 	 2.46667
17.8774 	 2.46667
17.9364 	 2.46667
17.9954 	 2.46667
18.0544 	 2.46633
18.1134 	 2.46526
18.1724 	 2.46349
18.2314 	 2.4611
18.2905 	 2.45814
18.3495 	 2.45467
18.4085 	 2.45076
18.4675 	 2.44645
18.5265 	 2.44182
18.5855 	 2.43692
18.6445 	 2.43181
18.7035 	 2.42655
18.7626 	 2.42121
18.8216 	 2.41583
18.8806 	 2.41048
18.9396 	 2.40523
18.9986 	 2.40012
19.0576 	 2.39491
19.1166 	 2.38929
19.1756 	 2.38331
19.2346 	 2.377
19.2937 	 2.3704
19.3527 	 2.36356
19.4117 	 2.3565
19.4707 	 2.34928
19.5297 	 2.34193
19.5887 	 2.33448
19.6477 	 2.32699
19.7067 	 2.31948
19.7658 	 2.312
19.8248 	 2.30458
19.8838 	 2.29727
19.9428 	 2.29011
20.0018 	 2.28312
20.0608 	 2.27624
20.1198 	 2.26935
20.1788 	 2.26247
20.2378 	 2.25558
20.2969 	 2.2487
20.3559 	 2.24182
20.4149 	 2.23493
20.4739 	 2.22805
20.5329 	 2.22116
20.5919 	 2.21428
20.6509 	 2.20739
20.7099 	 2.20051
20.769 	 2.19362
20.828 	 2.18674
20.887 	 2.17985
20.946 	 2.17297
21.005 	 2.16608
21.064 	 2.1593
21.123 	 2.15266
21.182 	 2.14613
21.241 	 2.13969
21.3001 	 2.13329
21.3591 	 2.12692
21.4181 	 2.12053
21.4771 	 2.11409
21.5361 	 2.10758
21.5951 	 2.10095
21.6541 	 2.09419
21.7131 	 2.08725
21.7722 	 2.0801
21.8312 	 2.07272
21.8902 	 2.06507
21.9492 	 2.05711
22.0082 	 2.04882
22.0672 	 2.03998
22.1262 	 2.03053
22.1852 	 2.02054
22.2442 	 2.01008
22.3033 	 1.99923
22.3623 	 1.98805
22.4213 	 1.97663
22.4803 	 1.96503
22.5393 	 1.95333
22.5983 	 1.9416
22.6573 	 1.92992
22.7163 	 1.91835
22.7754 	 1.90697
22.8344 	 1.89585
22.8934 	 1.88507
22.9524 	 1.87469
23.0114 	 1.86479
23.0704 	 1.85511
23.1294 	 1.84551
23.1884 	 1.836
23.2474 	 1.82658
23.3065 	 1.81727
23.3655 	 1.80805
23.4245 	 1.79894
23.4835 	 1.78994
23.5425 	 1.78106
23.6015 	 1.7723
23.6605 	 1.76367
23.7195 	 1.75516
23.7786 	 1.74679
23.8376 	 1.73856
23.8966 	 1.73048
23.9556 	 1.72254
24.0146 	 1.71475
24.0736 	 1.707
24.1326 	 1.69925
24.1916 	 1.69154
24.2507 	 1.68387
24.3097 	 1.67628
24.3687 	 1.66878
24.4277 	 1.6614
24.4867 	 1.65415
24.5457 	 1.64705
24.6047 	 1.64014
24.6637 	 1.63342
24.7227 	 1.62693
24.7818 	 1.62067
24.8408 	 1.61468
24.8998 	 1.60898
24.9588 	 1.60358
25.0178 	 1.5985
25.0768 	 1.59369
25.1358 	 1.5891
25.1948 	 1.58471
25.2539 	 1.58051
25.3129 	 1.57646
25.3719 	 1.57254
25.4309 	 1.56874
25.4899 	 1.56502
25.5489 	 1.56138
25.6079 	 1.55777
25.6669 	 1.55419
25.7259 	 1.55061
25.785 	 1.54701
25.844 	 1.54336
25.903 	 1.53965
25.962 	 1.53584
26.021 	 1.53193
26.08 	 1.52794
26.139 	 1.52391
26.198 	 1.51983
26.2571 	 1.51573
26.3161 	 1.51161
26.3751 	 1.50749
26.4341 	 1.50338
26.4931 	 1.49929
26.5521 	 1.49523
26.6111 	 1.49121
26.6701 	 1.48725
26.7291 	 1.48335
26.7882 	 1.47954
26.8472 	 1.47581
26.9062 	 1.47219
26.9652 	 1.46868
27.0242 	 1.4653
27.0832 	 1.46209
27.1422 	 1.45902
27.2012 	 1.45609
27.2603 	 1.45326
27.3193 	 1.45051
27.3783 	 1.44782
27.4373 	 1.44516
27.4963 	 1.4425
27.5553 	 1.43983
27.6143 	 1.43712
27.6733 	 1.43434
27.7323 	 1.43147
27.7914 	 1.42849
27.8504 	 1.42536
27.9094 	 1.42208
27.9684 	 1.41861
28.0274 	 1.41494
28.0864 	 1.4111
28.1454 	 1.40711
28.2044 	 1.40297
28.2635 	 1.39867
28.3225 	 1.39423
28.3815 	 1.38965
28.4405 	 1.38492
28.4995 	 1.38005
28.5585 	 1.37504
28.6175 	 1.36989
28.6765 	 1.36461
28.7355 	 1.35919
28.7946 	 1.35365
28.8536 	 1.34797
28.9126 	 1.34216
28.9716 	 1.33623
29.0306 	 1.33014
29.0896 	 1.32367
29.1486 	 1.31683
29.2076 	 1.30966
29.2667 	 1.30219
29.3257 	 1.29447
29.3847 	 1.28652
29.4437 	 1.2784
29.5027 	 1.27013
29.5617 	 1.26176
29.6207 	 1.25332
29.6797 	 1.24485
29.7387 	 1.23639
29.7978 	 1.22797
29.8568 	 1.21964
29.9158 	 1.21143
29.9748 	 1.20338
30.0338 	 1.19546
30.0928 	 1.18738
30.1518 	 1.17915
30.2108 	 1.17081
30.2699 	 1.16238
30.3289 	 1.15392
30.3879 	 1.14545
30.4469 	 1.13702
30.5059 	 1.12866
30.5649 	 1.12041
30.6239 	 1.11231
30.6829 	 1.10439
30.7419 	 1.0967
30.801 	 1.08928
30.86 	 1.08215
30.919 	 1.07536
30.978 	 1.06895
31.037 	 1.0629
31.096 	 1.05698
31.155 	 1.0512
31.214 	 1.04554
31.2731 	 1.04001
31.3321 	 1.03461
31.3911 	 1.02935
31.4501 	 1.02422
31.5091 	 1.01923
31.5681 	 1.01438
31.6271 	 1.00967
31.6861 	 1.00511
31.7451 	 1.00069
31.8042 	 0.996422
31.8632 	 0.992301
31.9222 	 0.988332
31.9812 	 0.984516
32.0402 	 0.980821
32.0992 	 0.977144
32.1582 	 0.973493
32.2172 	 0.969884
32.2763 	 0.966331
32.3353 	 0.96285
32.3943 	 0.959457
32.4533 	 0.956167
32.5123 	 0.952995
32.5713 	 0.949957
32.6303 	 0.947068
32.6893 	 0.944344
32.7483 	 0.9418
32.8074 	 0.939452
32.8664 	 0.937314
32.9254 	 0.935402
32.9844 	 0.933732
33.0434 	 0.932249
33.1024 	 0.930782
33.1614 	 0.929333
33.2204 	 0.927912
33.2795 	 0.926529
33.3385 	 0.925195
33.3975 	 0.92392
33.4565 	 0.922714
33.5155 	 0.921587
33.5745 	 0.920551
33.6335 	 0.919614
33.6925 	 0.918788
33.7516 	 0.918082
33.8106 	 0.917507
33.8696 	 0.917073
33.9286 	 0.916791
33.9876 	 0.91667
34.0466 	 0.916667
34.1056 	 0.916667
34.1646 	 0.916667
34.2236 	 0.916667
34.2827 	 0.916667
34.3417 	 0.916667
34.4007 	 0.916667
34.4597 	 0.916667
34.5187 	 0.916667
34.5777 	 0.916667
34.6367 	 0.916667
34.6957 	 0.916667
34.7548 	 0.916667
34.8138 	 0.916667
34.8728 	 0.916667
34.9318 	 0.916667
34.9908 	 0.916667
35.0498 	 0.916721
35.1088 	 0.916923
35.1678 	 0.917266
35.2268 	 0.917745
35.2859 	 0.918353
35.3449 	 0.919082
35.4039 	 0.919926
35.4629 	 0.920877
35.5219 	 0.92193
35.5809 	 0.923077
35.6399 	 0.924311
35.6989 	 0.925626
35.758 	 0.927014
35.817 	 0.928469
35.876 	 0.929984
35.935 	 0.931552
35.994 	 0.933167
36.053 	 0.935046
36.112 	 0.937496
36.171 	 0.940479
36.23 	 0.943957
36.2891 	 0.94789
36.3481 	 0.95224
36.4071 	 0.956967
36.4661 	 0.962032
36.5251 	 0.967395
36.5841 	 0.973019
36.6431 	 0.978863
36.7021 	 0.984888
36.7612 	 0.991056
36.8202 	 0.997326
36.8792 	 1.00366
36.9382 	 1.01002
36.9972 	 1.01637
37.0562 	 1.02293
37.1152 	 1.02999
37.1742 	 1.03751
37.2332 	 1.04545
37.2923 	 1.05375
37.3513 	 1.06239
37.4103 	 1.07131
37.4693 	 1.08047
37.5283 	 1.08984
37.5873 	 1.09935
37.6463 	 1.10898
37.7053 	 1.11869
37.7644 	 1.12841
37.8234 	 1.13813
37.8824 	 1.14778
37.9414 	 1.15733
38.0004 	 1.16673
38.0594 	 1.17608
38.1184 	 1.1855
38.1774 	 1.19498
38.2364 	 1.20453
38.2955 	 1.21414
38.3545 	 1.22381
38.4135 	 1.23354
38.4725 	 1.24333
38.5315 	 1.25318
38.5905 	 1.26308
38.6495 	 1.27305
38.7085 	 1.28307
38.7676 	 1.29314
38.8266 	 1.30327
38.8856 	 1.31345
38.9446 	 1.32368
39.0036 	 1.33396
39.0626 	 1.34448
39.1216 	 1.35534
39.1806 	 1.36648
39.2396 	 1.37784
39.2987 	 1.38935
39.3577 	 1.40097
39.4167 	 1.41261
39.4757 	 1.42424
39.5347 	 1.43577
39.5937 	 1.44716
39.6527 	 1.45834
39.7117 	 1.46925
39.7708 	 1.47983
39.8298 	 1.49002
39.8888 	 1.49976
39.9478 	 1.50898
40.0068 	 1.51764
40.0658 	 1.52619
40.1248 	 1.5349
40.1838 	 1.5437
40.2428 	 1.55252
40.3019 	 1.56126
40.3609 	 1.56987
40.4199 	 1.57827
40.4789 	 1.58637
40.5379 	 1.5941
40.5969 	 1.60139
40.6559 	 1.60816
40.7149 	 1.61433
40.774 	 1.61983
40.833 	 1.62459
40.892 	 1.62852
40.951 	 1.63155
41.01 	 1.63362
41.069 	 1.63531
41.128 	 1.63692
41.187 	 1.63847
41.246 	 1.63994
41.3051 	 1.64134
41.3641 	 1.64265
41.4231 	 1.64387
41.4821 	 1.64499
41.5411 	 1.64602
41.6001 	 1.64694
41.6591 	 1.64774
41.7181 	 1.64844
41.7772 	 1.64901
41.8362 	 1.64946
41.8952 	 1.64978
41.9542 	 1.64996
42.0132 	 1.64999
42.0722 	 1.64973
42.1312 	 1.64914
42.1902 	 1.64824
42.2492 	 1.64704
42.3083 	 1.64558
42.3673 	 1.64388
42.4263 	 1.64196
42.4853 	 1.63984
42.5443 	 1.63755
42.6033 	 1.63512
42.6623 	 1.63256
42.7213 	 1.62989
42.7804 	 1.62715
42.8394 	 1.62436
42.8984 	 1.62153
42.9574 	 1.6187
43.0164 	 1.61588
43.0754 	 1.61286
43.1344 	 1.6096
43.1934 	 1.60608
43.2525 	 1.6023
43.3115 	 1.59828
43.3705 	 1.594
43.4295 	 1.58948
43.4885 	 1.58471
43.5475 	 1.5797
43.6065 	 1.57444
43.6655 	 1.56895
43.7245 	 1.56321
43.7836 	 1.55724
43.8426 	 1.55103
43.9016 	 1.54459
43.9606 	 1.53792
44.0196 	 1.53098
44.0786 	 1.5233
44.1376 	 1.5148
44.1966 	 1.50553
44.2557 	 1.49555
44.3147 	 1.48491
44.3737 	 1.47369
44.4327 	 1.46193
44.4917 	 1.44969
44.5507 	 1.43704
44.6097 	 1.42404
44.6687 	 1.41074
44.7277 	 1.3972
44.7868 	 1.38348
44.8458 	 1.36964
44.9048 	 1.35574
44.9638 	 1.34184
45.0228 	 1.32792
45.0818 	 1.31329
45.1408 	 1.29787
45.1998 	 1.28176
45.2589 	 1.26506
45.3179 	 1.24789
45.3769 	 1.23036
45.4359 	 1.21256
45.4949 	 1.19461
45.5539 	 1.17661
45.6129 	 1.15866
45.6719 	 1.14089
45.7309 	 1.12339
45.79 	 1.10626
45.849 	 1.08963
45.908 	 1.07358
45.967 	 1.05824
46.026 	 1.04365
46.085 	 1.02947
46.144 	 1.01559
46.203 	 1.002
46.2621 	 0.98866
46.3211 	 0.975554
46.3801 	 0.962654
46.4391 	 0.949936
46.4981 	 0.937374
46.5571 	 0.924944
46.6161 	 0.912621
46.6751 	 0.900379
46.7341 	 0.888194
46.7932 	 0.876041
46.8522 	 0.863895
46.9112 	 0.85173
46.9702 	 0.839523
47.0292 	 0.827154
47.0882 	 0.814089
47.1472 	 0.80039
47.2062 	 0.786222
47.2653 	 0.771752
47.3243 	 0.757146
47.3833 	 0.742569
47.4423 	 0.72819
47.5013 	 0.714172
47.5603 	 0.700684
47.6193 	 0.687892
47.6783 	 0.67596
47.7373 	 0.665057
47.7964 	 0.655348
47.8554 	 0.646999
47.9144 	 0.640177
47.9734 	 0.635048
48.0324 	 0.631497
48.0914 	 0.628236
48.1504 	 0.625093
48.2094 	 0.622079
48.2685 	 0.619207
48.3275 	 0.616487
48.3865 	 0.613932
48.4455 	 0.611554
48.5045 	 0.609364
48.5635 	 0.607373
48.6225 	 0.605594
48.6815 	 0.604039
48.7405 	 0.602719
48.7996 	 0.601645
48.8586 	 0.60083
48.9176 	 0.600286
48.9766 	 0.600023
49.0356 	 0.600135
49.0946 	 0.600929
49.1536 	 0.602393
49.2126 	 0.604475
49.2717 	 0.607125
49.3307 	 0.610292
49.3897 	 0.613925
49.4487 	 0.617975
49.5077 	 0.62239
49.5667 	 0.62712
49.6257 	 0.632114
49.6847 	 0.637322
49.7437 	 0.642693
49.8028 	 0.648176
49.8618 	 0.653722
49.9208 	 0.659278
49.9798 	 0.664796
50.0388 	 0.670419
50.0978 	 0.676746
50.1568 	 0.683759
50.2158 	 0.691386
50.2749 	 0.699557
50.3339 	 0.7082
50.3929 	 0.717244
50.4519 	 0.726618
50.5109 	 0.736251
50.5699 	 0.746072
50.6289 	 0.756009
50.6879 	 0.765992
50.7469 	 0.77595
50.806 	 0.78581
50.865 	 0.795503
50.924 	 0.804956
50.983 	 0.8141
51.042 	 0.823065
51.101 	 0.832349
51.16 	 0.841913
51.219 	 0.851685
51.2781 	 0.861595
51.3371 	 0.871572
51.3961 	 0.881544
51.4551 	 0.891441
51.5141 	 0.901191
51.5731 	 0.910723
51.6321 	 0.919966
51.6911 	 0.928849
51.7502 	 0.937301
51.8092 	 0.94525
51.8682 	 0.952625
51.9272 	 0.959356
51.9862 	 0.965371
52.0452 	 0.970815
52.1042 	 0.976148
52.1632 	 0.981371
52.2222 	 0.986467
52.2813 	 0.991417
52.3403 	 0.996204
52.3993 	 1.00081
52.4583 	 1.00522
52.5173 	 1.00941
52.5763 	 1.01337
52.6353 	 1.01708
52.6943 	 1.02051
52.7534 	 1.02366
52.8124 	 1.02651
52.8714 	 1.02903
52.9304 	 1.03122
52.9894 	 1.03304
53.0484 	 1.03462
53.1074 	 1.03615
53.1664 	 1.03765
53.2254 	 1.0391
53.2845 	 1.0405
53.3435 	 1.04183
53.4025 	 1.04309
53.4615 	 1.04427
53.5205 	 1.04537
53.5795 	 1.04637
53.6385 	 1.04727
53.6975 	 1.04805
53.7566 	 1.04871
53.8156 	 1.04925
53.8746 	 1.04965
53.9336 	 1.0499
53.9926 	 1.05
54.0516 	 1.0497
54.1106 	 1.04866
54.1696 	 1.04692
54.2286 	 1.04456
54.2877 	 1.04163
54.3467 	 1.03818
54.4057 	 1.03429
54.4647 	 1.03
54.5237 	 1.02538
54.5827 	 1.02049
54.6417 	 1.01539
54.7007 	 1.01014
54.7598 	 1.00479
54.8188 	 0.999418
54.8778 	 0.994068
54.9368 	 0.988806
54.9958 	 0.98369
55.0548 	 0.978165
55.1138 	 0.971559
55.1728 	 0.964049
55.2318 	 0.95582
55.2909 	 0.947055
55.3499 	 0.937936
55.4089 	 0.928647
55.4679 	 0.91937
55.5269 	 0.91029
55.5859 	 0.901588
55.6449 	 0.893449
55.7039 	 0.886054
55.763 	 0.879588
55.822 	 0.874233
55.881 	 0.870173
55.94 	 0.86759
55.999 	 0.866667
56.058 	 0.866667
56.117 	 0.866667
56.176 	 0.866667
56.235 	 0.866667
56.2941 	 0.866667
56.3531 	 0.866667
56.4121 	 0.866667
56.4711 	 0.866667
56.5301 	 0.866667
56.5891 	 0.866667
56.6481 	 0.866667
56.7071 	 0.866667
56.7662 	 0.866667
56.8252 	 0.866667
56.8842 	 0.866667
56.9432 	 0.866667
57.0022 	 0.866668
57.0612 	 0.86766
57.1202 	 0.870395
57.1792 	 0.874721
57.2382 	 0.880488
57.2973 	 0.887542
57.3563 	 0.895734
57.4153 	 0.904912
57.4743 	 0.914924
57.5333 	 0.925619
57.5923 	 0.936847
57.6513 	 0.948455
57.7103 	 0.960292
57.7694 	 0.972207
57.8284 	 0.984049
57.8874 	 0.995666
57.9464 	 1.00691
58.0054 	 1.01763
58.0644 	 1.02844
58.1234 	 1.03979
58.1824 	 1.05163
58.2414 	 1.06389
58.3005 	 1.07652
58.3595 	 1.08946
58.4185 	 1.10265
58.4775 	 1.11602
58.5365 	 1.12953
58.5955 	 1.1431
58.6545 	 1.15669
58.7135 	 1.17023
58.7726 	 1.18366
58.8316 	 1.19692
58.8906 	 1.20996
58.9496 	 1.22271
59.0086 	 1.23512
59.0676 	 1.24745
59.1266 	 1.25983
59.1856 	 1.27225
59.2446 	 1.28467
59.3037 	 1.29708
59.3627 	 1.30944
59.4217 	 1.32174
59.4807 	 1.33394
59.5397 	 1.34602
59.5987 	 1.35796
59.6577 	 1.36973
59.7167 	 1.3813
59.7758 	 1.39265
59.8348 	 1.40376
59.8938 	 1.41459
59.9528 	 1.42513
60.0118 	 1.43537
60.0708 	 1.44582
60.1298 	 1.45667
60.1888 	 1.46779
60.2478 	 1.47906
60.3069 	 1.49035
60.3659 	 1.50155
60.4249 	 1.51254
60.4839 	 1.52318
60.5429 	 1.53337
60.6019 	 1.54297
60.6609 	 1.55188
60.7199 	 1.55995
60.779 	 1.56709
60.838 	 1.57315
60.897 	 1.57803
60.956 	 1.5816
61.015 	 1.58378
61.074 	 1.5855
61.133 	 1.58714
61.192 	 1.5887
61.2511 	 1.59018
61.3101 	 1.59157
61.3691 	 1.59288
61.4281 	 1.59408
61.4871 	 1.59519
61.5461 	 1.59619
61.6051 	 1.59709
61.6641 	 1.59787
61.7231 	 1.59854
61.7822 	 1.59909
61.8412 	 1.59951
61.9002 	 1.5998
61.9592 	 1.59997
62.0182 	 1.59996
62.0772 	 1.59934
62.1362 	 1.59799
62.1952 	 1.59597
62.2543 	 1.59335
62.3133 	 1.59019
62.3723 	 1.58654
62.4313 	 1.58247
62.4903 	 1.57803
62.5493 	 1.57329
62.6083 	 1.5683
62.6673 	 1.56313
62.7263 	 1.55783
62.7854 	 1.55246
62.8444 	 1.54709
62.9034 	 1.54177
62.9624 	 1.53656
63.0214 	 1.53147
63.0804 	 1.52593
63.1394 	 1.51982
63.1984 	 1.51323
63.2575 	 1.50625
63.3165 	 1.49894
63.3755 	 1.49139
63.4345 	 1.48367
63.4935 	 1.47586
63.5525 	 1.46805
63.6115 	 1.4603
63.6705 	 1.45271
63.7295 	 1.44534
63.7886 	 1.43827
63.8476 	 1.43159
63.9066 	 1.42537
63.9656 	 1.4197
64.0246 	 1.4146
64.0836 	 1.40975
64.1426 	 1.40509
64.2016 	 1.40058
64.2607 	 1.39622
64.3197 	 1.392
64.3787 	 1.38792
64.4377 	 1.38395
64.4967 	 1.38008
64.5557 	 1.37632
64.6147 	 1.37264
64.6737 	 1.36904
64.7327 	 1.3655
64.7918 	 1.36202
64.8508 	 1.35858
64.9098 	 1.35517
64.9688 	 1.35178
65.0278 	 1.34841
65.0868 	 1.34507
65.1458 	 1.34177
65.2048 	 1.3385
65.2639 	 1.33527
65.3229 	 1.33209
65.3819 	 1.32896
65.4409 	 1.32588
65.4999 	 1.32286
65.5589 	 1.3199
65.6179 	 1.317
65.6769 	 1.31417
65.7359 	 1.31141
65.795 	 1.30872
65.854 	 1.30611
65.913 	 1.30358
65.972 	 1.30113
66.031 	 1.29877
66.09 	 1.2965
66.149 	 1.29431
66.208 	 1.2922
66.2671 	 1.29014
66.3261 	 1.28814
66.3851 	 1.28619
66.4441 	 1.28428
66.5031 	 1.2824
66.5621 	 1.28054
66.6211 	 1.2787
66.6801 	 1.27686
66.7391 	 1.27503
66.7982 	 1.27318
66.8572 	 1.27131
66.9162 	 1.26942
66.9752 	 1.26749
67.0342 	 1.26551
67.0932 	 1.26347
67.1522 	 1.26137
67.2112 	 1.25923
67.2703 	 1.25707
67.3293 	 1.25488
67.3883 	 1.2527
67.4473 	 1.25053
67.5063 	 1.24838
67.5653 	 1.24628
67.6243 	 1.24423
67.6833 	 1.24225
67.7423 	 1.24034
67.8014 	 1.23854
67.8604 	 1.23684
67.9194 	 1.23526
67.9784 	 1.23382
68.0374 	 1.23252
68.0964 	 1.23129
68.1554 	 1.23013
68.2144 	 1.22902
68.2735 	 1.22797
68.3325 	 1.22697
68.3915 	 1.226
68.4505 	 1.22507
68.5095 	 1.22416
68.5685 	 1.22327
68.6275 	 1.22239
68.6865 	 1.22152
68.7455 	 1.22064
68.8046 	 1.21975
68.8636 	 1.21885
68.9226 	 1.21793
68.9816 	 1.21697
69.0406 	 1.21596
69.0996 	 1.21486
69.1586 	 1.21367
69.2176 	 1.21242
69.2767 	 1.21113
69.3357 	 1.20982
69.3947 	 1.20852
69.4537 	 1.20723
69.5127 	 1.20599
69.5717 	 1.2048
69.6307 	 1.20371
69.6897 	 1.20271
69.7487 	 1.20184
69.8078 	 1.20111
69.8668 	 1.20055
69.9258 	 1.20018
69.9848 	 1.20001
70.0438 	 1.20004
70.1028 	 1.20024
70.1618 	 1.20058
70.2208 	 1.20107
70.2799 	 1.20168
70.3389 	 1.20242
70.3979 	 1.20327
70.4569 	 1.20423
70.5159 	 1.20529
70.5749 	 1.20645
70.6339 	 1.20768
70.6929 	 1.20899
70.752 	 1.21036
70.811 	 1.21179
70.87 	 1.21327
70.929 	 1.21479
70.988 	 1.21635
71.047 	 1.21806
71.106 	 1.22021
71.165 	 1.22276
71.224 	 1.22569
71.2831 	 1.22895
71.3421 	 1.23252
71.4011 	 1.23637
71.4601 	 1.24045
71.5191 	 1.24474
71.5781 	 1.24921
71.6371 	 1.25382
71.6961 	 1.25854
71.7552 	 1.26334
71.8142 	 1.26818
71.8732 	 1.27303
71.9322 	 1.27786
71.9912 	 1.28263
72.0502 	 1.28739
72.1092 	 1.29226
72.1682 	 1.29724
72.2272 	 1.30235
72.2863 	 1.30758
72.3453 	 1.31295
72.4043 	 1.31846
72.4633 	 1.32411
72.5223 	 1.32992
72.5813 	 1.33589
72.6403 	 1.34202
72.6993 	 1.34833
72.7584 	 1.35481
72.8174 	 1.36147
72.8764 	 1.36833
72.9354 	 1.37538
72.9944 	 1.38263
73.0534 	 1.39015
73.1124 	 1.39801
73.1714 	 1.40619
73.2304 	 1.41469
73.2895 	 1.4235
73.3485 	 1.43261
73.4075 	 1.44201
73.4665 	 1.45168
73.5255 	 1.46162
73.5845 	 1.47182
73.6435 	 1.48226
73.7025 	 1.49294
73.7616 	 1.50384
73.8206 	 1.51497
73.8796 	 1.52629
73.9386 	 1.53781
73.9976 	 1.54952
74.0566 	 1.56161
74.1156 	 1.57429
74.1746 	 1.58751
74.2336 	 1.60121
74.2927 	 1.61535
74.3517 	 1.62988
74.4107 	 1.64474
74.4697 	 1.65988
74.5287 	 1.67524
74.5877 	 1.69079
74.6467 	 1.70646
74.7057 	 1.7222
74.7648 	 1.73796
74.8238 	 1.7537
74.8828 	 1.76935
74.9418 	 1.78487
75.0008 	 1.80021
75.0598 	 1.8155
75.1188 	 1.83089
75.1778 	 1.84639
75.2368 	 1.86197
75.2959 	 1.87763
75.3549 	 1.89336
75.4139 	 1.90915
75.4729 	 1.92497
75.5319 	 1.94084
75.5909 	 1.95673
75.6499 	 1.97263
75.7089 	 1.98853
75.768 	 2.00443
75.827 	 2.02031
75.886 	 2.03616
75.945 	 2.05197
76.004 	 2.06773
76.063 	 2.08375
76.122 	 2.10018
76.181 	 2.11695
76.24 	 2.13395
76.2991 	 2.1511
76.3581 	 2.1683
76.4171 	 2.18546
76.4761 	 2.20249
76.5351 	 2.2193
76.5941 	 2.2358
76.6531 	 2.25188
76.7121 	 2.26747
76.7712 	 2.28247
76.8302 	 2.29678
76.8892 	 2.31032
76.9482 	 2.323
77.0072 	 2.33471
77.0662 	 2.34581
77.1252 	 2.35655
77.1842 	 2.36695
77.2432 	 2.37701
77.3023 	 2.38677
77.3613 	 2.39622
77.4203 	 2.40538
77.4793 	 2.41427
77.5383 	 2.42291
77.5973 	 2.43131
77.6563 	 2.43948
77.7153 	 2.44744
77.7744 	 2.4552
77.8334 	 2.46278
77.8924 	 2.4702
77.9514 	 2.47746
78.0104 	 2.48459
78.0694 	 2.49193
78.1284 	 2.49956
78.1874 	 2.50741
78.2464 	 2.51535
78.3055 	 2.52331
78.3645 	 2.53117
78.4235 	 2.53884
78.4825 	 2.54621
78.5415 	 2.55321
78.6005 	 2.55971
78.6595 	 2.56563
78.7185 	 2.57086
78.7776 	 2.57531
78.8366 	 2.57887
78.8956 	 2.58146
78.9546 	 2.58297
79.0136 	 2.58332
79.0726 	 2.58309
79.1316 	 2.58253
79.1906 	 2.58169
79.2496 	 2.58056
79.3087 	 2.57918
79.3677 	 2.57756
79.4267 	 2.57572
79.4857 	 2.57367
79.5447 	 2.57144
79.6037 	 2.56904
79.6627 	 2.5665
79.7217 	 2.56382
79.7808 	 2.56103
79.8398 	 2.55815
79.8988 	 2.5552
79.9578 	 2.55218
80.0168 	 2.54909
80.0758 	 2.5453
80.1348 	 2.54067
80.1938 	 2.53528
80.2529 	 2.52922
80.3119 	 2.52259
80.3709 	 2.51547
80.4299 	 2.50796
80.4889 	 2.50014
80.5479 	 2.49212
80.6069 	 2.48397
80.6659 	 2.4758
80.7249 	 2.46768
80.784 	 2.45972
80.843 	 2.452
80.902 	 2.44461
80.961 	 2.43766
81.02 	 2.43119
81.079 	 2.42492
81.138 	 2.41874
81.197 	 2.41265
81.2561 	 2.40664
81.3151 	 2.40069
81.3741 	 2.3948
81.4331 	 2.38895
81.4921 	 2.38315
81.5511 	 2.37737
81.6101 	 2.37161
81.6691 	 2.36586
81.7281 	 2.3601
81.7872 	 2.35434
81.8462 	 2.34856
81.9052 	 2.34275
81.9642 	 2.3369
82.0232 	 2.33096
82.0822 	 2.32449
82.1412 	 2.3175
82.2002 	 2.3101
82.2593 	 2.30243
82.3183 	 2.2946
82.3773 	 2.28674
82.4363 	 2.27897
82.4953 	 2.27142
82.5543 	 2.26421
82.6133 	 2.25746
82.6723 	 2.25129
82.7313 	 2.24583
82.7904 	 2.2412
82.8494 	 2.23753
82.9084 	 2.23494
82.9674 	 2.23354
83.0264 	 2.23333
83.0854 	 2.23333
83.1444 	 2.23333
83.2034 	 2.23333
83.2625 	 2.23333
83.3215 	 2.23333
83.3805 	 2.23333
83.4395 	 2.23333
83.4985 	 2.23333
83.5575 	 2.23333
83.6165 	 2.23333
83.6755 	 2.23333
83.7345 	 2.23333
83.7936 	 2.23333
83.8526 	 2.23333
83.9116 	 2.23333
83.9706 	 2.23333
84.0296 	 2.23364
84.0886 	 2.23597
84.1476 	 2.24041
84.2066 	 2.24672
84.2657 	 2.25469
84.3247 	 2.26408
84.3837 	 2.27467
84.4427 	 2.28622
84.5017 	 2.29851
84.5607 	 2.31131
84.6197 	 2.32439
84.6787 	 2.33752
84.7377 	 2.35048
84.7968 	 2.36303
84.8558 	 2.37495
84.9148 	 2.38601
84.9738 	 2.39598
85.0328 	 2.40483
85.0918 	 2.41336
85.1508 	 2.42172
85.2098 	 2.42992
85.2689 	 2.43798
85.3279 	 2.44591
85.3869 	 2.45374
85.4459 	 2.46148
85.5049 	 2.46915
85.5639 	 2.47678
85.6229 	 2.48437
85.6819 	 2.49195
85.7409 	 2.49953
85.8 	 2.50714
85.859 	 2.51478
85.918 	 2.52249
85.977 	 2.53027
86.036 	 2.53819
86.095 	 2.54637
86.154 	 2.55476
86.213 	 2.56333
86.2721 	 2.572
86.3311 	 2.58073
86.3901 	 2.58947
86.4491 	 2.59815
86.5081 	 2.60672
86.5671 	 2.61514
86.6261 	 2.62333
86.6851 	 2.63125
86.7441 	 2.63885
86.8032 	 2.64606
86.8622 	 2.65284
86.9212 	 2.65913
86.9802 	 2.66487
87.0392 	 2.67018
87.0982 	 2.67557
87.1572 	 2.68102
87.2162 	 2.68648
87.2753 	 2.69189
87.3343 	 2.6972
87.3933 	 2.70236
87.4523 	 2.7073
87.5113 	 2.71198
87.5703 	 2.71634
87.6293 	 2.72033
87.6883 	 2.72389
87.7473 	 2.72696
87.8064 	 2.72949
87.8654 	 2.73143
87.9244 	 2.73272
87.9834 	 2.7333
88.0424 	 2.73333
88.1014 	 2.73333
88.1604 	 2.73333
88.2194 	 2.73333
88.2785 	 2.73333
88.3375 	 2.73333
88.3965 	 2.73333
88.4555 	 2.73333
88.5145 	 2.73333
88.5735 	 2.73333
88.6325 	 2.73333
88.6915 	 2.73333
88.7506 	 2.73333
88.8096 	 2.73333
88.8686 	 2.73333
88.9276 	 2.73333
88.9866 	 2.73333
89.0456 	 2.73314
89.1046 	 2.73237
89.1636 	 2.73103
89.2226 	 2.7292
89.2817 	 2.72692
89.3407 	 2.72425
89.3997 	 2.72124
89.4587 	 2.71793
89.5177 	 2.71439
89.5767 	 2.71067
89.6357 	 2.70682
89.6947 	 2.70289
89.7538 	 2.69893
89.8128 	 2.695
89.8718 	 2.69116
89.9308 	 2.68745
89.9898 	 2.68392
90.0488 	 2.68054
90.1078 	 2.67715
90.1668 	 2.67374
90.2258 	 2.67028
90.2849 	 2.66679
90.3439 	 2.66323
90.4029 	 2.6596
90.4619 	 2.6559
90.5209 	 2.65211
90.5799 	 2.64822
90.6389 	 2.64421
90.6979 	 2.64009
90.757 	 2.63583
90.816 	 2.63143
90.875 	 2.62687
90.934 	 2.62215
90.993 	 2.61726
91.052 	 2.61214
91.111 	 2.60673
91.17 	 2.60105
91.229 	 2.59511
91.2881 	 2.58892
91.3471 	 2.5825
91.4061 	 2.57586
91.4651 	 2.56902
91.5241 	 2.56199
91.5831 	 2.55478
91.6421 	 2.54741
91.7011 	 2.53988
91.7602 	 2.53223
91.8192 	 2.52445
91.8782 	 2.51656
91.9372 	 2.50858
91.9962 	 2.50052
92.0552 	 2.49231
92.1142 	 2.48385
92.1732 	 2.47515
92.2322 	 2.46622
92.2913 	 2.45707
92.3503 	 2.4477
92.4093 	 2.43814
92.4683 	 2.42838
92.5273 	 2.41844
92.5863 	 2.40832
92.6453 	 2.39804
92.7043 	 2.38761
92.7634 	 2.37703
92.8224 	 2.36631
92.8814 	 2.35547
92.9404 	 2.34451
92.9994 	 2.33345
93.0584 	 2.32219
93.1174 	 2.31066
93.1764 	 2.29888
93.2354 	 2.28687
93.2945 	 2.27462
93.3535 	 2.26217
93.4125 	 2.24953
93.4715 	 2.23672
93.5305 	 2.22374
93.5895 	 2.21062
93.6485 	 2.19737
93.7075 	 2.18401
93.7666 	 2.17055
93.8256 	 2.15701
93.8846 	 2.14341
93.9436 	 2.12975
94.0026 	 2.11606
94.0616 	 2.1021
94.1206 	 2.08768
94.1796 	 2.0729
94.2386 	 2.05781
94.2977 	 2.04248
94.3567 	 2.02699
94.4157 	 2.0114
94.4747 	 1.99578
94.5337 	 1.9802
94.5927 	 1.96474
94.6517 	 1.94946
94.7107 	 1.93442
94.7698 	 1.91971
94.8288 	 1.90539
94.8878 	 1.89152
94.9468 	 1.87818
95.0058 	 1.86544
95.0648 	 1.85292
95.1238 	 1.84036
95.1828 	 1.82783
95.2418 	 1.81536
95.3009 	 1.80301
95.3599 	 1.79083
95.4189 	 1.77887
95.4779 	 1.76718
95.5369 	 1.75581
95.5959 	 1.7448
95.6549 	 1.73422
95.7139 	 1.72411
95.773 	 1.71451
95.832 	 1.70548
95.891 	 1.69707
95.95 	 1.68933
96.009 	 1.68231
96.068 	 1.67585
96.127 	 1.66983
96.186 	 1.66419
96.245 	 1.65889
96.3041 	 1.65388
96.3631 	 1.64911
96.4221 	 1.64453
96.4811 	 1.6401
96.5401 	 1.63577
96.5991 	 1.63149
96.6581 	 1.62721
96.7171 	 1.62288
96.7762 	 1.61846
96.8352 	 1.6139
96.8942 	 1.60915
96.9532 	 1.60416
97.0122 	 1.59889
97.0712 	 1.59339
97.1302 	 1.58774
97.1892 	 1.58194
97.2482 	 1.57603
97.3073 	 1.57002
97.3663 	 1.56394
97.4253 	 1.5578
97.4843 	 1.55164
97.5433 	 1.54547
97.6023 	 1.53932
97.6613 	 1.53321
97.7203 	 1.52716
97.7794 	 1.52119
97.8384 	 1.51533
97.8974 	 1.5096
97.9564 	 1.50402
98.0154 	 1.49859
98.0744 	 1.49303
98.1334 	 1.48727
98.1924 	 1.48135
98.2515 	 1.47535
98.3105 	 1.46932
98.3695 	 1.46332
98.4285 	 1.4574
98.4875 	 1.45164
98.5465 	 1.44608
98.6055 	 1.44079
98.6645 	 1.43583
98.7235 	 1.43125
98.7826 	 1.42711
98.8416 	 1.42348
98.9006 	 1.42041
98.9596 	 1.41796
99.0186 	 1.41616
99.0776 	 1.41455
99.1366 	 1.413
99.1956 	 1.41149
99.2547 	 1.41005
99.3137 	 1.40868
99.3727 	 1.40738
99.4317 	 1.40617
99.4907 	 1.40504
99.5497 	 1.40401
99.6087 	 1.40308
99.6677 	 1.40226
99.7267 	 1.40156
99.7858 	 1.40098
99.8448 	 1.40053
99.9038 	 1.40022
99.9628 	 1.40005
100.022 	 1.4001
100.081 	 1.40118
100.14 	 1.40341
100.199 	 1.40669
100.258 	 1.4109
100.317 	 1.41594
100.376 	 1.42171
100.435 	 1.4281
100.494 	 1.435
100.553 	 1.44231
100.612 	 1.44993
100.671 	 1.45774
100.73 	 1.46565
100.789 	 1.47354
100.848 	 1.48131
100.907 	 1.48886
100.966 	 1.49608
101.025 	 1.50294
101.084 	 1.51003
101.143 	 1.51746
101.202 	 1.52517
101.261 	 1.53311
101.32 	 1.54125
101.379 	 1.54953
101.438 	 1.5579
101.497 	 1.56633
101.556 	 1.57476
101.615 	 1.58314
101.674 	 1.59143
101.733 	 1.59959
101.792 	 1.60756
101.851 	 1.6153
101.91 	 1.62276
101.969 	 1.62989
102.028 	 1.63668
102.087 	 1.64325
102.146 	 1.64965
102.205 	 1.65589
102.264 	 1.66199
102.323 	 1.66797
102.382 	 1.67386
102.441 	 1.67965
102.5 	 1.68538
102.559 	 1.69106
102.618 	 1.69671
102.677 	 1.70235
102.736 	 1.70799
102.795 	 1.71366
102.854 	 1.71936
102.913 	 1.72512
102.972 	 1.73096
103.031 	 1.7369
103.09 	 1.74295
103.149 	 1.74911
103.208 	 1.75534
103.267 	 1.76163
103.326 	 1.76794
103.385 	 1.77426
103.444 	 1.78055
103.504 	 1.78681
103.563 	 1.79299
103.622 	 1.79909
103.681 	 1.80506
103.74 	 1.8109
103.799 	 1.81657
103.858 	 1.82205
103.917 	 1.82732
103.976 	 1.83236
104.035 	 1.83717
104.094 	 1.84192
104.153 	 1.84661
104.212 	 1.85124
104.271 	 1.8558
104.33 	 1.86028
104.389 	 1.86466
104.448 	 1.86895
104.507 	 1.87312
104.566 	 1.87718
104.625 	 1.88111
104.684 	 1.88491
104.743 	 1.88856
104.802 	 1.89205
104.861 	 1.89539
104.92 	 1.89855
104.979 	 1.90153
105.038 	 1.90434
105.097 	 1.90704
105.156 	 1.90966
105.215 	 1.91219
105.274 	 1.91463
105.333 	 1.91699
105.392 	 1.91928
105.451 	 1.92149
105.51 	 1.92363
105.569 	 1.92571
105.628 	 1.92772
105.687 	 1.92968
105.746 	 1.93159
105.805 	 1.93344
105.864 	 1.93525
105.923 	 1.93702
105.982 	 1.93875
106.041 	 1.94043
106.1 	 1.94202
106.159 	 1.94355
106.218 	 1.94501
106.277 	 1.94641
106.336 	 1.94777
106.395 	 1.94909
106.454 	 1.95039
106.513 	 1.95167
106.572 	 1.95295
106.631 	 1.95423
106.69 	 1.95553
106.749 	 1.95685
106.808 	 1.9582
106.867 	 1.9596
106.926 	 1.96105
106.985 	 1.96257
107.044 	 1.96416
107.103 	 1.96581
107.162 	 1.96752
107.221 	 1.96929
107.28 	 1.97109
107.339 	 1.97293
107.398 	 1.97479
107.457 	 1.97667
107.516 	 1.97856
107.575 	 1.98044
107.634 	 1.98232
107.693 	 1.98418
107.752 	 1.98602
107.811 	 1.98782
107.87 	 1.98958
107.929 	 1.99129
107.988 	 1.99294
108.047 	 1.99452
108.106 	 1.99604
108.165 	 1.99749
108.224 	 1.99889
108.283 	 2.00026
108.342 	 2.0016
108.401 	 2.00292
108.46 	 2.00424
108.52 	 2.00556
108.579 	 2.0069
108.638 	 2.00827
108.697 	 2.00968
108.756 	 2.01113
108.815 	 2.01265
108.874 	 2.01424
108.933 	 2.01591
108.992 	 2.01767
109.051 	 2.01965
109.11 	 2.02201
109.169 	 2.02468
109.228 	 2.02761
109.287 	 2.03073
109.346 	 2.03397
109.405 	 2.03728
109.464 	 2.04058
109.523 	 2.04381
109.582 	 2.04691
109.641 	 2.04981
109.7 	 2.05245
109.759 	 2.05476
109.818 	 2.05669
109.877 	 2.05816
109.936 	 2.05911
109.995 	 2.05948
110.054 	 2.05933
110.113 	 2.05884
110.172 	 2.05805
110.231 	 2.05702
110.29 	 2.05577
110.349 	 2.05437
110.408 	 2.05285
110.467 	 2.05126
110.526 	 2.04965
110.585 	 2.04805
110.644 	 2.04652
110.703 	 2.0451
110.762 	 2.04384
110.821 	 2.04277
110.88 	 2.04195
110.939 	 2.04142
110.998 	 2.04122
111.057 	 2.04145
111.116 	 2.04213
111.175 	 2.04323
111.234 	 2.04473
111.293 	 2.04659
111.352 	 2.04879
111.411 	 2.05128
111.47 	 2.05404
111.529 	 2.05703
111.588 	 2.06023
111.647 	 2.06361
111.706 	 2.06712
111.765 	 2.07075
111.824 	 2.07445
111.883 	 2.0782
111.942 	 2.08197
112.001 	 2.08572
112.06 	 2.08964
112.119 	 2.09392
112.178 	 2.09855
112.237 	 2.10352
112.296 	 2.10883
112.355 	 2.11447
112.414 	 2.12043
112.473 	 2.1267
112.532 	 2.13328
112.591 	 2.14016
112.65 	 2.14733
112.709 	 2.15479
112.768 	 2.16252
112.827 	 2.17053
112.886 	 2.1788
112.945 	 2.18732
113.004 	 2.19609
113.063 	 2.20545
113.122 	 2.21563
113.181 	 2.22659
113.24 	 2.23827
113.299 	 2.25063
113.358 	 2.26364
113.417 	 2.27724
113.476 	 2.29139
113.536 	 2.30606
113.595 	 2.32118
113.654 	 2.33673
113.713 	 2.35265
113.772 	 2.3689
113.831 	 2.38545
113.89 	 2.40223
113.949 	 2.41921
114.008 	 2.43636
114.067 	 2.45406
114.126 	 2.47255
114.185 	 2.49178
114.244 	 2.5117
114.303 	 2.53227
114.362 	 2.55343
114.421 	 2.57515
114.48 	 2.59736
114.539 	 2.62003
114.598 	 2.64311
114.657 	 2.66655
114.716 	 2.6903
114.775 	 2.71432
114.834 	 2.73856
114.893 	 2.76298
114.952 	 2.78751
115.011 	 2.81214
115.07 	 2.83742
115.129 	 2.86356
115.188 	 2.89046
115.247 	 2.918
115.306 	 2.94609
115.365 	 2.97461
115.424 	 3.00347
115.483 	 3.03255
115.542 	 3.06174
115.601 	 3.09095
115.66 	 3.12007
115.719 	 3.14898
115.778 	 3.17759
115.837 	 3.20578
115.896 	 3.23345
115.955 	 3.2605
116.014 	 3.28684
116.073 	 3.3129
116.132 	 3.33887
116.191 	 3.36473
116.25 	 3.39045
116.309 	 3.41602
116.368 	 3.44141
116.427 	 3.4666
116.486 	 3.49157
116.545 	 3.51629
116.604 	 3.54075
116.663 	 3.56492
116.722 	 3.58878
116.781 	 3.6123
116.84 	 3.63546
116.899 	 3.65825
116.958 	 3.68064
117.017 	 3.70263
117.076 	 3.72468
117.135 	 3.74688
117.194 	 3.76912
117.253 	 3.79133
117.312 	 3.81341
117.371 	 3.83527
117.43 	 3.85682
117.489 	 3.87796
117.548 	 3.89862
117.607 	 3.9187
117.666 	 3.9381
117.725 	 3.95673
117.784 	 3.97452
117.843 	 3.99135
117.902 	 4.00715
117.961 	 4.02183
118.02 	 4.03538
118.079 	 4.04893
118.138 	 4.0627
118.197 	 4.07654
118.256 	 4.09032
118.315 	 4.10389
118.374 	 4.11712
118.433 	 4.12987
118.492 	 4.14199
118.552 	 4.15335
118.611 	 4.1638
118.67 	 4.17321
118.729 	 4.18143
118.788 	 4.18832
118.847 	 4.19375
118.906 	 4.19757
118.965 	 4.19965
119.024 	 4.19994
119.083 	 4.19931
119.142 	 4.198
119.201 	 4.19607
119.26 	 4.19356
119.319 	 4.19052
119.378 	 4.18698
119.437 	 4.18299
119.496 	 4.1786
119.555 	 4.17384
119.614 	 4.16877
119.673 	 4.16342
119.732 	 4.15784
119.791 	 4.15207
119.85 	 4.14616
119.909 	 4.14016
119.968 	 4.13409
120.027 	 4.1279
120.086 	 4.12085
120.145 	 4.11283
120.204 	 4.10392
120.263 	 4.09418
120.322 	 4.08368
120.381 	 4.07248
120.44 	 4.06065
120.499 	 4.04825
120.558 	 4.03536
120.617 	 4.02203
120.676 	 4.00834
120.735 	 3.99435
120.794 	 3.98013
120.853 	 3.96574
120.912 	 3.95124
120.971 	 3.93671
121.03 	 3.92208
121.089 	 3.90661
121.148 	 3.89028
121.207 	 3.87317
121.266 	 3.85538
121.325 	 3.837
121.384 	 3.81812
121.443 	 3.79883
121.502 	 3.77922
121.561 	 3.7594
121.62 	 3.73944
121.679 	 3.71944
121.738 	 3.69949
121.797 	 3.67968
121.856 	 3.66012
121.915 	 3.64087
121.974 	 3.62205
122.033 	 3.60366
122.092 	 3.58532
122.151 	 3.56699
122.21 	 3.54868
122.269 	 3.5304
122.328 	 3.51214
122.387 	 3.49391
122.446 	 3.47571
122.505 	 3.45756
122.564 	 3.43945
122.623 	 3.4214
122.682 	 3.40339
122.741 	 3.38545
122.8 	 3.36757
122.859 	 3.34976
122.918 	 3.33202
122.977 	 3.31436
123.036 	 3.29675
123.095 	 3.27909
123.154 	 3.26137
123.213 	 3.24364
123.272 	 3.22591
123.331 	 3.2082
123.39 	 3.19056
123.449 	 3.17299
123.509 	 3.15552
123.568 	 3.13819
123.627 	 3.12101
123.686 	 3.10401
123.745 	 3.08721
123.804 	 3.07064
123.863 	 3.05433
123.922 	 3.0383
123.981 	 3.02257
124.04 	 3.00713
124.099 	 2.99185
124.158 	 2.97672
124.217 	 2.96174
124.276 	 2.94693
124.335 	 2.93227
124.394 	 2.91777
124.453 	 2.90344
124.512 	 2.88927
124.571 	 2.87527
124.63 	 2.86144
124.689 	 2.84779
124.748 	 2.83432
124.807 	 2.82102
124.866 	 2.8079
124.925 	 2.79497
124.984 	 2.78223
125.043 	 2.76965
125.102 	 2.75716
125.161 	 2.74479
125.22 	 2.73253
125.279 	 2.72039
125.338 	 2.70839
125.397 	 2.69653
125.456 	 2.68482
125.515 	 2.67327
125.574 	 2.66189
125.633 	 2.6507
125.692 	 2.63969
125.751 	 2.62888
125.81 	 2.61827
125.869 	 2.60789
125.928 	 2.59772
125.987 	 2.5878
126.046 	 2.57811
126.105 	 2.56866
126.164 	 2.55942
126.223 	 2.55037
126.282 	 2.5415
126.341 	 2.53279
126.4 	 2.52423
126.459 	 2.51579
126.518 	 2.50745
126.577 	 2.49921
126.636 	 2.49104
126.695 	 2.48293
126.754 	 2.47485
126.813 	 2.4668
126.872 	 2.45874
126.931 	 2.45067
126.99 	 2.44257
127.049 	 2.43442
127.108 	 2.4262
127.167 	 2.41794
127.226 	 2.40966
127.285 	 2.40139
127.344 	 2.39313
127.403 	 2.38493
127.462 	 2.37679
127.521 	 2.36874
127.58 	 2.36081
127.639 	 2.353
127.698 	 2.34535
127.757 	 2.33788
127.816 	 2.33061
127.875 	 2.32356
127.934 	 2.31675
127.993 	 2.3102
128.052 	 2.30395
128.111 	 2.29799
128.17 	 2.29229
128.229 	 2.2868
128.288 	 2.2815
128.347 	 2.27634
128.406 	 2.27128
128.465 	 2.2663
128.525 	 2.26134
128.584 	 2.25638
128.643 	 2.25137
128.702 	 2.24628
128.761 	 2.24107
128.82 	 2.23571
128.879 	 2.23014
128.938 	 2.22435
128.997 	 2.21828
129.056 	 2.21195
129.115 	 2.20538
129.174 	 2.19861
129.233 	 2.19165
129.292 	 2.18453
129.351 	 2.17725
129.41 	 2.16985
129.469 	 2.16234
129.528 	 2.15475
129.587 	 2.14709
129.646 	 2.13938
129.705 	 2.13165
129.764 	 2.12391
129.823 	 2.11618
129.882 	 2.10849
129.941 	 2.10085
130 	 2.09329
130.059 	 2.08579
130.118 	 2.07832
130.177 	 2.07088
130.236 	 2.06344
130.295 	 2.05601
130.354 	 2.04856
130.413 	 2.04108
130.472 	 2.03358
130.531 	 2.02602
130.59 	 2.01841
130.649 	 2.01073
130.708 	 2.00296
130.767 	 1.99511
130.826 	 1.98715
130.885 	 1.97907
130.944 	 1.97087
131.003 	 1.96253
131.062 	 1.95409
131.121 	 1.94558
131.18 	 1.93699
131.239 	 1.92832
131.298 	 1.91956
131.357 	 1.9107
131.416 	 1.90174
131.475 	 1.89266
131.534 	 1.88347
131.593 	 1.87415
131.652 	 1.8647
131.711 	 1.85511
131.77 	 1.84537
131.829 	 1.83548
131.888 	 1.82544
131.947 	 1.81522
132.006 	 1.80483
132.065 	 1.79408
132.124 	 1.7829
132.183 	 1.77134
132.242 	 1.75945
132.301 	 1.74729
132.36 	 1.73492
132.419 	 1.72239
132.478 	 1.70976
132.537 	 1.69709
132.596 	 1.68443
132.655 	 1.67184
132.714 	 1.65937
132.773 	 1.64708
132.832 	 1.63502
132.891 	 1.62326
132.95 	 1.61184
133.009 	 1.60083
133.068 	 1.59016
133.127 	 1.57978
133.186 	 1.56965
133.245 	 1.55972
133.304 	 1.54995
133.363 	 1.54032
133.422 	 1.53078
133.481 	 1.52129
133.541 	 1.51181
133.6 	 1.50232
133.659 	 1.49276
133.718 	 1.48311
133.777 	 1.47332
133.836 	 1.46336
133.895 	 1.45319
133.954 	 1.44276
134.013 	 1.43204
134.072 	 1.42077
134.131 	 1.40891
134.19 	 1.39656
134.249 	 1.38384
134.308 	 1.37085
134.367 	 1.35769
134.426 	 1.34447
134.485 	 1.33128
134.544 	 1.31824
134.603 	 1.30545
134.662 	 1.29302
134.721 	 1.28104
134.78 	 1.26962
134.839 	 1.25887
134.898 	 1.24888
134.957 	 1.23978
135.016 	 1.23162
135.075 	 1.22391
135.134 	 1.21643
135.193 	 1.20919
135.252 	 1.20217
135.311 	 1.19539
135.37 	 1.18885
135.429 	 1.18254
135.488 	 1.17646
135.547 	 1.17061
135.606 	 1.16499
135.665 	 1.15961
135.724 	 1.15446
135.783 	 1.14955
135.842 	 1.14487
135.901 	 1.14042
135.96 	 1.1362
136.019 	 1.1322
136.078 	 1.12818
136.137 	 1.12409
136.196 	 1.11999
136.255 	 1.1159
136.314 	 1.11188
136.373 	 1.10796
136.432 	 1.10419
136.491 	 1.1006
136.55 	 1.09724
136.609 	 1.09414
136.668 	 1.09135
136.727 	 1.08892
136.786 	 1.08687
136.845 	 1.08526
136.904 	 1.08412
136.963 	 1.08349
137.022 	 1.08341
137.081 	 1.08371
137.14 	 1.08436
137.199 	 1.08531
137.258 	 1.08654
137.317 	 1.08804
137.376 	 1.08977
137.435 	 1.09172
137.494 	 1.09387
137.553 	 1.09618
137.612 	 1.09863
137.671 	 1.10121
137.73 	 1.10388
137.789 	 1.10663
137.848 	 1.10942
137.907 	 1.11225
137.966 	 1.11508
138.025 	 1.11793
138.084 	 1.12114
138.143 	 1.12474
138.202 	 1.1287
138.261 	 1.13299
138.32 	 1.13757
138.379 	 1.1424
138.438 	 1.14746
138.497 	 1.1527
138.557 	 1.1581
138.616 	 1.16361
138.675 	 1.16921
138.734 	 1.17485
138.793 	 1.18051
138.852 	 1.18615
138.911 	 1.19173
138.97 	 1.19722
139.029 	 1.20262
139.088 	 1.2081
139.147 	 1.2137
139.206 	 1.21939
139.265 	 1.22517
139.324 	 1.23102
139.383 	 1.23694
139.442 	 1.24292
139.501 	 1.24894
139.56 	 1.25499
139.619 	 1.26106
139.678 	 1.26714
139.737 	 1.27321
139.796 	 1.27928
139.855 	 1.28531
139.914 	 1.29132
139.973 	 1.29727
140.032 	 1.30321
140.091 	 1.30933
140.15 	 1.31562
140.209 	 1.32204
140.268 	 1.32854
140.327 	 1.33508
140.386 	 1.34164
140.445 	 1.34815
140.504 	 1.35459
140.563 	 1.36091
140.622 	 1.36707
140.681 	 1.37303
140.74 	 1.37874
140.799 	 1.38417
140.858 	 1.38928
140.917 	 1.39403
140.976 	 1.39836
141.035 	 1.40231
141.094 	 1.40607
141.153 	 1.40968
141.212 	 1.41315
141.271 	 1.41649
141.33 	 1.4197
141.389 	 1.4228
141.448 	 1.42579
141.507 	 1.42868
141.566 	 1.43147
141.625 	 1.43419
141.684 	 1.43682
141.743 	 1.43939
141.802 	 1.4419
141.861 	 1.44436
141.92 	 1.44678
141.979 	 1.44917
142.038 	 1.45156
142.097 	 1.45405
142.156 	 1.45664
142.215 	 1.45927
142.274 	 1.46192
142.333 	 1.46456
142.392 	 1.46716
142.451 	 1.46967
142.51 	 1.47208
142.569 	 1.47433
142.628 	 1.47641
142.687 	 1.47828
142.746 	 1.47991
142.805 	 1.48126
142.864 	 1.4823
142.923 	 1.48299
142.982 	 1.48331
143.041 	 1.48322
143.1 	 1.48269
143.159 	 1.48177
143.218 	 1.4805
143.277 	 1.47891
143.336 	 1.47706
143.395 	 1.47497
143.454 	 1.47269
143.514 	 1.47027
143.573 	 1.46774
143.632 	 1.46514
143.691 	 1.46252
143.75 	 1.45992
143.809 	 1.45737
143.868 	 1.45492
143.927 	 1.45261
143.986 	 1.45049
144.045 	 1.44849
144.104 	 1.44644
144.163 	 1.44433
144.222 	 1.44219
144.281 	 1.44002
144.34 	 1.43783
144.399 	 1.43565
144.458 	 1.43348
144.517 	 1.43134
144.576 	 1.42925
144.635 	 1.42721
144.694 	 1.42524
144.753 	 1.42335
144.812 	 1.42156
144.871 	 1.41989
144.93 	 1.41833
144.989 	 1.41692
145.048 	 1.41564
145.107 	 1.41447
145.166 	 1.41339
145.225 	 1.41239
145.284 	 1.41145
145.343 	 1.41056
145.402 	 1.40971
145.461 	 1.40888
145.52 	 1.40806
145.579 	 1.40723
145.638 	 1.40639
145.697 	 1.40551
145.756 	 1.40459
145.815 	 1.40361
145.874 	 1.40256
145.933 	 1.40142
145.992 	 1.40018
146.051 	 1.39873
146.11 	 1.39694
146.169 	 1.39487
146.228 	 1.39257
146.287 	 1.39009
146.346 	 1.3875
146.405 	 1.38484
146.464 	 1.38216
146.523 	 1.37954
146.582 	 1.37701
146.641 	 1.37463
146.7 	 1.37246
146.759 	 1.37056
146.818 	 1.36897
146.877 	 1.36776
146.936 	 1.36697
146.995 	 1.36667
147.054 	 1.3668
147.113 	 1.36725
147.172 	 1.36798
147.231 	 1.369
147.29 	 1.37027
147.349 	 1.37179
147.408 	 1.37354
147.467 	 1.3755
147.526 	 1.37765
147.585 	 1.37998
147.644 	 1.38247
147.703 	 1.38511
147.762 	 1.38788
147.821 	 1.39076
147.88 	 1.39374
147.939 	 1.39679
147.998 	 1.39991
148.057 	 1.40351
148.116 	 1.408
148.175 	 1.41331
148.234 	 1.41938
148.293 	 1.42613
148.352 	 1.43348
148.411 	 1.44137
148.47 	 1.44971
148.53 	 1.45845
148.589 	 1.4675
148.648 	 1.47679
148.707 	 1.48625
148.766 	 1.49581
148.825 	 1.5054
148.884 	 1.51494
148.943 	 1.52436
149.002 	 1.53358
149.061 	 1.54296
149.12 	 1.55281
149.179 	 1.56308
149.238 	 1.57369
149.297 	 1.58461
149.356 	 1.59576
149.415 	 1.60709
149.474 	 1.61854
149.533 	 1.63006
149.592 	 1.64158
149.651 	 1.65305
149.71 	 1.6644
149.769 	 1.67559
149.828 	 1.68654
149.887 	 1.69721
149.946 	 1.70754
150.005 	 1.71746
150.064 	 1.72715
150.123 	 1.73676
150.182 	 1.74628
150.241 	 1.7557
150.3 	 1.76503
150.359 	 1.77426
150.418 	 1.78338
150.477 	 1.79239
150.536 	 1.80128
150.595 	 1.81006
150.654 	 1.81871
150.713 	 1.82723
150.772 	 1.83561
150.831 	 1.84386
150.89 	 1.85196
150.949 	 1.85991
151.008 	 1.86772
151.067 	 1.87561
151.126 	 1.88367
151.185 	 1.89186
151.244 	 1.90009
151.303 	 1.90832
151.362 	 1.91648
151.421 	 1.9245
151.48 	 1.93234
151.539 	 1.93991
151.598 	 1.94717
151.657 	 1.95405
151.716 	 1.96049
151.775 	 1.96643
151.834 	 1.9718
151.893 	 1.97654
151.952 	 1.9806
152.011 	 1.98391
152.07 	 1.98695
152.129 	 1.98994
152.188 	 1.99286
152.247 	 1.9957
152.306 	 1.99844
152.365 	 2.00106
152.424 	 2.00354
152.483 	 2.00586
152.542 	 2.008
152.601 	 2.00995
152.66 	 2.01169
152.719 	 2.0132
152.778 	 2.01446
152.837 	 2.01546
152.896 	 2.01617
152.955 	 2.01657
153.014 	 2.01666
153.073 	 2.01654
153.132 	 2.01627
153.191 	 2.01586
153.25 	 2.01531
153.309 	 2.01463
153.368 	 2.01383
153.427 	 2.01292
153.486 	 2.01191
153.546 	 2.01081
153.605 	 2.00961
153.664 	 2.00834
153.723 	 2.007
153.782 	 2.0056
153.841 	 2.00414
153.9 	 2.00264
153.959 	 2.0011
154.018 	 1.99951
154.077 	 1.99751
154.136 	 1.99501
154.195 	 1.99207
154.254 	 1.98874
154.313 	 1.98506
154.372 	 1.98109
154.431 	 1.97687
154.49 	 1.97245
154.549 	 1.96789
154.608 	 1.96323
154.667 	 1.95851
154.726 	 1.9538
154.785 	 1.94914
154.844 	 1.94457
154.903 	 1.94016
154.962 	 1.93594
155.021 	 1.93194
155.08 	 1.92788
155.139 	 1.92371
155.198 	 1.91945
155.257 	 1.91512
155.316 	 1.91076
155.375 	 1.90639
155.434 	 1.90204
155.493 	 1.89774
155.552 	 1.89351
155.611 	 1.88938
155.67 	 1.88538
155.729 	 1.88154
155.788 	 1.87788
155.847 	 1.87443
155.906 	 1.87122
155.965 	 1.86828
156.024 	 1.86561
156.083 	 1.86312
156.142 	 1.86077
156.201 	 1.85854
156.26 	 1.85642
156.319 	 1.85439
156.378 	 1.85244
156.437 	 1.85056
156.496 	 1.84873
156.555 	 1.84694
156.614 	 1.84518
156.673 	 1.84343
156.732 	 1.84168
156.791 	 1.83991
156.85 	 1.83812
156.909 	 1.83628
156.968 	 1.83438
157.027 	 1.83244
157.086 	 1.83056
157.145 	 1.82875
157.204 	 1.827
157.263 	 1.82529
157.322 	 1.8236
157.381 	 1.82191
157.44 	 1.82021
157.499 	 1.81847
157.558 	 1.81669
157.617 	 1.81484
157.676 	 1.8129
157.735 	 1.81087
157.794 	 1.80871
157.853 	 1.80641
157.912 	 1.80396
157.971 	 1.80134
158.03 	 1.79848
158.089 	 1.79513
158.148 	 1.7913
158.207 	 1.78705
158.266 	 1.78243
158.325 	 1.77751
158.384 	 1.77232
158.443 	 1.76693
158.503 	 1.7614
158.562 	 1.75578
158.621 	 1.75013
158.68 	 1.74449
158.739 	 1.73894
158.798 	 1.73351
158.857 	 1.72827
158.916 	 1.72328
158.975 	 1.71858
159.034 	 1.71418
159.093 	 1.70985
159.152 	 1.70556
159.211 	 1.70132
159.27 	 1.69712
159.329 	 1.69297
159.388 	 1.68887
159.447 	 1.68482
159.506 	 1.68083
159.565 	 1.6769
159.624 	 1.67304
159.683 	 1.66923
159.742 	 1.6655
159.801 	 1.66183
159.86 	 1.65824
159.919 	 1.65472
159.978 	 1.65127
160.037 	 1.64785
160.096 	 1.64423
160.155 	 1.64046
160.214 	 1.63657
160.273 	 1.63262
160.332 	 1.62867
160.391 	 1.62477
160.45 	 1.62097
160.509 	 1.61732
160.568 	 1.61388
160.627 	 1.6107
160.686 	 1.60783
160.745 	 1.60533
160.804 	 1.60325
160.863 	 1.60163
160.922 	 1.60054
160.981 	 1.60003
161.04 	 1.6
161.099 	 1.6
161.158 	 1.6
161.217 	 1.6
161.276 	 1.6
161.335 	 1.6
161.394 	 1.6
161.453 	 1.6
161.512 	 1.6
161.571 	 1.6
161.63 	 1.6
161.689 	 1.6
161.748 	 1.6
161.807 	 1.6
161.866 	 1.6
161.925 	 1.6
161.984 	 1.6
162.043 	 1.59988
162.102 	 1.59934
162.161 	 1.59841
162.22 	 1.59712
162.279 	 1.59553
162.338 	 1.59366
162.397 	 1.59157
162.456 	 1.58929
162.515 	 1.58686
162.574 	 1.58433
162.633 	 1.58173
162.692 	 1.57911
162.751 	 1.5765
162.81 	 1.57396
162.869 	 1.57152
162.928 	 1.56921
162.987 	 1.56709
163.046 	 1.56515
163.105 	 1.56329
163.164 	 1.56151
163.223 	 1.55977
163.282 	 1.55807
163.341 	 1.55638
163.4 	 1.55469
163.459 	 1.55298
163.519 	 1.55123
163.578 	 1.54943
163.637 	 1.54755
163.696 	 1.54559
163.755 	 1.54351
163.814 	 1.54131
163.873 	 1.53897
163.932 	 1.53646
163.991 	 1.53378
164.05 	 1.53083
164.109 	 1.52751
164.168 	 1.52384
164.227 	 1.51984
164.286 	 1.51554
164.345 	 1.51098
164.404 	 1.50617
164.463 	 1.50114
164.522 	 1.49593
164.581 	 1.49055
164.64 	 1.48504
164.699 	 1.47941
164.758 	 1.47371
164.817 	 1.46795
164.876 	 1.46216
164.935 	 1.45637
164.994 	 1.4506
165.053 	 1.44474
165.112 	 1.43857
165.171 	 1.43214
165.23 	 1.42547
165.289 	 1.41861
165.348 	 1.41158
165.407 	 1.40443
165.466 	 1.39719
165.525 	 1.38989
165.584 	 1.38257
165.643 	 1.37526
165.702 	 1.368
165.761 	 1.36083
165.82 	 1.35377
165.879 	 1.34686
165.938 	 1.34015
165.997 	 1.33366
166.056 	 1.32714
166.115 	 1.3203
166.174 	 1.31323
166.233 	 1.306
166.292 	 1.29869
166.351 	 1.29138
166.41 	 1.28414
166.469 	 1.27706
166.528 	 1.27022
166.587 	 1.26369
166.646 	 1.25755
166.705 	 1.25188
166.764 	 1.24675
166.823 	 1.24226
166.882 	 1.23847
166.941 	 1.23547
167 	 1.23333
167.059 	 1.23167
167.118 	 1.23006
167.177 	 1.22852
167.236 	 1.22704
167.295 	 1.22564
167.354 	 1.22432
167.413 	 1.22308
167.472 	 1.22193
167.531 	 1.22088
167.59 	 1.21994
167.649 	 1.2191
167.708 	 1.21837
167.767 	 1.21777
167.826 	 1.21729
167.885 	 1.21694
167.944 	 1.21673
168.003 	 1.21667
168.062 	 1.21708
168.121 	 1.21818
168.18 	 1.21993
168.239 	 1.22228
168.298 	 1.22517
168.357 	 1.22855
168.416 	 1.23238
168.475 	 1.2366
168.535 	 1.24117
168.594 	 1.24603
168.653 	 1.25112
168.712 	 1.25641
168.771 	 1.26184
168.83 	 1.26736
168.889 	 1.27291
168.948 	 1.27846
169.007 	 1.28395
169.066 	 1.28978
169.125 	 1.29623
169.184 	 1.30323
169.243 	 1.31075
169.302 	 1.31873
169.361 	 1.32715
169.42 	 1.33594
169.479 	 1.34507
169.538 	 1.3545
169.597 	 1.36417
169.656 	 1.37404
169.715 	 1.38407
169.774 	 1.39421
169.833 	 1.40442
169.892 	 1.41465
169.951 	 1.42487
170.01 	 1.43502
170.069 	 1.44539
170.128 	 1.45612
170.187 	 1.46717
170.246 	 1.47851
170.305 	 1.4901
170.364 	 1.5019
170.423 	 1.51389
170.482 	 1.52602
170.541 	 1.53826
170.6 	 1.55057
170.659 	 1.56293
170.718 	 1.57529
170.777 	 1.58762
170.836 	 1.59988
170.895 	 1.61205
170.954 	 1.62407
171.013 	 1.63594
171.072 	 1.64782
171.131 	 1.65981
171.19 	 1.67187
171.249 	 1.68399
171.308 	 1.69614
171.367 	 1.7083
171.426 	 1.72044
171.485 	 1.73256
171.544 	 1.74461
171.603 	 1.75658
171.662 	 1.76845
171.721 	 1.7802
171.78 	 1.7918
171.839 	 1.80323
171.898 	 1.81446
171.957 	 1.82548
172.016 	 1.83627
172.075 	 1.84673
172.134 	 1.85689
172.193 	 1.86679
172.252 	 1.87648
172.311 	 1.886
172.37 	 1.89539
172.429 	 1.90471
172.488 	 1.914
172.547 	 1.9233
172.606 	 1.93266
172.665 	 1.94213
172.724 	 1.95175
172.783 	 1.96156
172.842 	 1.97161
172.901 	 1.98195
172.96 	 1.99263
173.019 	 2.00371
173.078 	 2.01556
173.137 	 2.02819
173.196 	 2.04145
173.255 	 2.05522
173.314 	 2.06937
173.373 	 2.08375
173.432 	 2.09824
173.491 	 2.11271
173.551 	 2.12701
173.61 	 2.14102
173.669 	 2.1546
173.728 	 2.16762
173.787 	 2.17995
173.846 	 2.19145
173.905 	 2.20199
173.964 	 2.21144
174.023 	 2.21977
174.082 	 2.22798
174.141 	 2.23626
174.2 	 2.24453
174.259 	 2.25273
174.318 	 2.26077
174.377 	 2.26857
174.436 	 2.27606
174.495 	 2.28316
174.554 	 2.28978
174.613 	 2.29586
174.672 	 2.30132
174.731 	 2.30607
174.79 	 2.31004
174.849 	 2.31315
174.908 	 2.31533
174.967 	 2.31649
175.026 	 2.31667
175.085 	 2.31667
175.144 	 2.31667
175.203 	 2.31667
175.262 	 2.31667
175.321 	 2.31667
175.38 	 2.31667
175.439 	 2.31667
175.498 	 2.31667
175.557 	 2.31667
175.616 	 2.31667
175.675 	 2.31667
175.734 	 2.31667
175.793 	 2.31667
175.852 	 2.31667
175.911 	 2.31667
175.97 	 2.31667
176.029 	 2.31629
176.088 	 2.31333
176.147 	 2.30765
176.206 	 2.29956
176.265 	 2.28933
176.324 	 2.27725
176.383 	 2.26362
176.442 	 2.24873
176.501 	 2.23286
176.56 	 2.2163
176.619 	 2.19935
176.678 	 2.18229
176.737 	 2.16541
176.796 	 2.149
176.855 	 2.13335
176.914 	 2.11876
176.973 	 2.1055
177.032 	 2.09363
177.091 	 2.08213
177.15 	 2.0708
177.209 	 2.05964
177.268 	 2.04863
177.327 	 2.03774
177.386 	 2.02696
177.445 	 2.01627
177.504 	 2.00565
177.563 	 1.99508
177.622 	 1.98455
177.681 	 1.97403
177.74 	 1.96351
177.799 	 1.95296
177.858 	 1.94237
177.917 	 1.93172
177.976 	 1.92099
178.035 	 1.91005
178.094 	 1.89851
178.153 	 1.88645
178.212 	 1.874
178.271 	 1.86128
178.33 	 1.84842
178.389 	 1.83556
178.448 	 1.82282
178.508 	 1.81034
178.567 	 1.79823
178.626 	 1.78664
178.685 	 1.77568
178.744 	 1.7655
178.803 	 1.75621
178.862 	 1.74795
178.921 	 1.74084
178.98 	 1.73502
179.039 	 1.73031
179.098 	 1.72575
179.157 	 1.72128
179.216 	 1.71694
179.275 	 1.71274
179.334 	 1.70871
179.393 	 1.70488
179.452 	 1.70128
179.511 	 1.69792
179.57 	 1.69485
179.629 	 1.69208
179.688 	 1.68965
179.747 	 1.68757
179.806 	 1.68587
179.865 	 1.68459
179.924 	 1.68374
179.983 	 1.68335
180.042 	 1.68342
180.101 	 1.68381
180.16 	 1.6845
180.219 	 1.68548
180.278 	 1.68673
180.337 	 1.68823
180.396 	 1.68996
180.455 	 1.6919
180.514 	 1.69404
180.573 	 1.69635
180.632 	 1.69882
180.691 	 1.70143
180.75 	 1.70416
180.809 	 1.707
180.868 	 1.70992
180.927 	 1.71291
180.986 	 1.71594
181.045 	 1.71924
181.104 	 1.72331
181.163 	 1.72811
181.222 	 1.73356
181.281 	 1.7396
181.34 	 1.74615
181.399 	 1.75314
181.458 	 1.76051
181.517 	 1.76818
181.576 	 1.77608
181.635 	 1.78414
181.694 	 1.79229
181.753 	 1.80047
181.812 	 1.8086
181.871 	 1.81661
181.93 	 1.82442
181.989 	 1.83198
182.048 	 1.83937
182.107 	 1.84687
182.166 	 1.85447
182.225 	 1.86216
182.284 	 1.86994
182.343 	 1.87779
182.402 	 1.88569
182.461 	 1.89365
182.52 	 1.90164
182.579 	 1.90966
182.638 	 1.9177
182.697 	 1.92574
182.756 	 1.93378
182.815 	 1.9418
182.874 	 1.94979
182.933 	 1.95775
182.992 	 1.96565
183.051 	 1.97352
183.11 	 1.98139
183.169 	 1.98926
183.228 	 1.99713
183.287 	 2.00499
183.346 	 2.01286
183.405 	 2.02073
183.464 	 2.0286
183.524 	 2.03647
183.583 	 2.04434
183.642 	 2.0522
183.701 	 2.06007
183.76 	 2.06794
183.819 	 2.07581
183.878 	 2.08368
183.937 	 2.09154
183.996 	 2.09941
184.055 	 2.10737
184.114 	 2.1155
184.173 	 2.12378
184.232 	 2.13215
184.291 	 2.1406
184.35 	 2.14907
184.409 	 2.15753
184.468 	 2.16594
184.527 	 2.17427
184.586 	 2.18247
184.645 	 2.19051
184.704 	 2.19835
184.763 	 2.20595
184.822 	 2.21327
184.881 	 2.22028
184.94 	 2.22694
184.999 	 2.23321
185.058 	 2.2394
185.117 	 2.24583
185.176 	 2.25241
185.235 	 2.25906
185.294 	 2.26572
185.353 	 2.2723
185.412 	 2.27871
185.471 	 2.28489
185.53 	 2.29074
185.589 	 2.2962
185.648 	 2.30119
185.707 	 2.30562
185.766 	 2.30941
185.825 	 2.31249
185.884 	 2.31478
185.943 	 2.3162
186.002 	 2.31667
186.061 	 2.31667
186.12 	 2.31667
186.179 	 2.31667
186.238 	 2.31667
186.297 	 2.31667
186.356 	 2.31667
186.415 	 2.31667
186.474 	 2.31667
186.533 	 2.31667
186.592 	 2.31667
186.651 	 2.31667
186.71 	 2.31667
186.769 	 2.31667
186.828 	 2.31667
186.887 	 2.31667
186.946 	 2.31667
187.005 	 2.31666
187.064 	 2.31577
187.123 	 2.31345
187.182 	 2.30983
187.241 	 2.30507
187.3 	 2.29928
187.359 	 2.2926
187.418 	 2.28517
187.477 	 2.27712
187.536 	 2.26859
187.595 	 2.2597
187.654 	 2.2506
187.713 	 2.24142
187.772 	 2.23228
187.831 	 2.22334
187.89 	 2.21471
187.949 	 2.20654
188.008 	 2.19895
188.067 	 2.1915
188.126 	 2.18388
188.185 	 2.17612
188.244 	 2.16825
188.303 	 2.16028
188.362 	 2.15224
188.421 	 2.14414
188.48 	 2.13602
188.54 	 2.12789
188.599 	 2.11978
188.658 	 2.1117
188.717 	 2.10368
188.776 	 2.09574
188.835 	 2.0879
188.894 	 2.08019
188.953 	 2.07262
189.012 	 2.06521
189.071 	 2.05755
189.13 	 2.0495
189.189 	 2.04117
189.248 	 2.03265
189.307 	 2.02404
189.366 	 2.01544
189.425 	 2.00695
189.484 	 1.99866
189.543 	 1.99068
189.602 	 1.98311
189.661 	 1.97603
189.72 	 1.96955
189.779 	 1.96377
189.838 	 1.95879
189.897 	 1.9547
189.956 	 1.95161
190.015 	 1.94957
190.074 	 1.94789
190.133 	 1.94628
190.192 	 1.94474
190.251 	 1.94327
190.31 	 1.94189
190.369 	 1.94058
190.428 	 1.93937
190.487 	 1.93826
190.546 	 1.93724
190.605 	 1.93633
190.664 	 1.93553
190.723 	 1.93484
190.782 	 1.93428
190.841 	 1.93384
190.9 	 1.93354
190.959 	 1.93337
191.018 	 1.93333
191.077 	 1.93333
191.136 	 1.93333
191.195 	 1.93333
191.254 	 1.93333
191.313 	 1.93333
191.372 	 1.93333
191.431 	 1.93333
191.49 	 1.93333
191.549 	 1.93333
191.608 	 1.93333
191.667 	 1.93333
191.726 	 1.93333
191.785 	 1.93333
191.844 	 1.93333
191.903 	 1.93333
191.962 	 1.93333
192.021 	 1.93328
192.08 	 1.93262
192.139 	 1.93123
192.198 	 1.92919
192.257 	 1.92654
192.316 	 1.92335
192.375 	 1.91968
192.434 	 1.91559
192.493 	 1.91113
192.552 	 1.90638
192.611 	 1.90138
192.67 	 1.89619
192.729 	 1.89089
192.788 	 1.88552
192.847 	 1.88015
192.906 	 1.87484
192.965 	 1.86964
193.024 	 1.86455
193.083 	 1.85904
193.142 	 1.85304
193.201 	 1.84662
193.26 	 1.83984
193.319 	 1.83275
193.378 	 1.82543
193.437 	 1.81794
193.496 	 1.81033
193.556 	 1.80268
193.615 	 1.79505
193.674 	 1.78749
193.733 	 1.78008
193.792 	 1.77287
193.851 	 1.76594
193.91 	 1.75933
193.969 	 1.75312
194.028 	 1.74734
194.087 	 1.74183
194.146 	 1.73653
194.205 	 1.7314
194.264 	 1.72643
194.323 	 1.72159
194.382 	 1.71685
194.441 	 1.71218
194.5 	 1.70757
194.559 	 1.70297
194.618 	 1.69837
194.677 	 1.69374
194.736 	 1.68906
194.795 	 1.68429
194.854 	 1.67941
194.913 	 1.67439
194.972 	 1.66921
195.031 	 1.66383
195.09 	 1.65821
195.149 	 1.65239
195.208 	 1.64638
195.267 	 1.64024
195.326 	 1.63399
195.385 	 1.62768
195.444 	 1.62133
195.503 	 1.61499
195.562 	 1.60869
195.621 	 1.60246
195.68 	 1.59635
195.739 	 1.59038
195.798 	 1.58459
195.857 	 1.57903
195.916 	 1.57372
195.975 	 1.5687
196.034 	 1.56393
196.093 	 1.55913
196.152 	 1.55429
196.211 	 1.54944
196.27 	 1.54462
196.329 	 1.53985
196.388 	 1.53517
196.447 	 1.53062
196.506 	 1.52622
196.565 	 1.52201
196.624 	 1.51803
196.683 	 1.51429
196.742 	 1.51085
196.801 	 1.50773
196.86 	 1.50496
196.919 	 1.50258
196.978 	 1.50061
197.037 	 1.49901
197.096 	 1.49747
197.155 	 1.49597
197.214 	 1.49451
197.273 	 1.4931
197.332 	 1.49175
197.391 	 1.49048
197.45 	 1.48928
197.509 	 1.48816
197.568 	 1.48715
197.627 	 1.48623
197.686 	 1.48542
197.745 	 1.48474
197.804 	 1.48418
197.863 	 1.48375
197.922 	 1.48347
197.981 	 1.48334
198.04 	 1.48419
198.099 	 1.48837
198.158 	 1.4957
198.217 	 1.50583
198.276 	 1.51839
198.335 	 1.53304
198.394 	 1.54942
198.453 	 1.56717
198.513 	 1.58593
198.572 	 1.60536
198.631 	 1.6251
198.69 	 1.64478
198.749 	 1.66406
198.808 	 1.68257
198.867 	 1.69997
198.926 	 1.7159
198.985 	 1.73
199.044 	 1.74229
199.103 	 1.75365
199.162 	 1.76426
199.221 	 1.77425
199.28 	 1.78378
199.339 	 1.79298
199.398 	 1.80199
199.457 	 1.81097
199.516 	 1.82005
199.575 	 1.82937
199.634 	 1.83907
199.693 	 1.84931
199.752 	 1.86021
199.811 	 1.87193
199.87 	 1.88461
199.929 	 1.89838
199.988 	 1.91339
200.047 	 1.93044
200.106 	 1.95077
200.165 	 1.97411
200.224 	 2.00011
200.283 	 2.02845
200.342 	 2.05879
200.401 	 2.09079
200.46 	 2.12412
200.519 	 2.15845
200.578 	 2.19344
200.637 	 2.22877
200.696 	 2.26408
200.755 	 2.29906
200.814 	 2.33336
200.873 	 2.36665
200.932 	 2.39861
200.991 	 2.42888
201.05 	 2.45805
201.109 	 2.4875
201.168 	 2.51715
201.227 	 2.54692
201.286 	 2.5767
201.345 	 2.60641
201.404 	 2.63593
201.463 	 2.66518
201.522 	 2.69406
201.581 	 2.72248
201.64 	 2.75033
201.699 	 2.77753
201.758 	 2.80396
201.817 	 2.82955
201.876 	 2.85419
201.935 	 2.87778
201.994 	 2.90023
202.053 	 2.92193
202.112 	 2.94351
202.171 	 2.9649
202.23 	 2.98604
202.289 	 3.00684
202.348 	 3.02725
202.407 	 3.04718
202.466 	 3.06657
202.525 	 3.08535
202.584 	 3.10344
202.643 	 3.12077
202.702 	 3.13728
202.761 	 3.15288
202.82 	 3.16751
202.879 	 3.1811
202.938 	 3.19358
202.997 	 3.20487
203.056 	 3.21521
203.115 	 3.22495
203.174 	 3.23415
203.233 	 3.24285
203.292 	 3.25111
203.351 	 3.25897
203.41 	 3.26649
203.469 	 3.27371
203.529 	 3.28068
203.588 	 3.28745
203.647 	 3.29407
203.706 	 3.30059
203.765 	 3.30706
203.824 	 3.31352
203.883 	 3.32004
203.942 	 3.32665
204.001 	 3.3334
204.06 	 3.3403
204.119 	 3.34727
204.178 	 3.3543
204.237 	 3.36133
204.296 	 3.36836
204.355 	 3.37533
204.414 	 3.38222
204.473 	 3.389
204.532 	 3.39563
204.591 	 3.40209
204.65 	 3.40833
204.709 	 3.41434
204.768 	 3.42007
204.827 	 3.42549
204.886 	 3.43058
204.945 	 3.4353
205.004 	 3.43961
205.063 	 3.4438
205.122 	 3.44806
205.181 	 3.45234
205.24 	 3.45662
205.299 	 3.46084
205.358 	 3.46495
205.417 	 3.46893
205.476 	 3.47272
205.535 	 3.47629
205.594 	 3.47959
205.653 	 3.48258
205.712 	 3.48521
205.771 	 3.48745
205.83 	 3.48924
205.889 	 3.49056
205.948 	 3.49135
206.007 	 3.49158
206.066 	 3.49147
206.125 	 3.49119
206.184 	 3.49076
206.243 	 3.49018
206.302 	 3.48946
206.361 	 3.48862
206.42 	 3.48766
206.479 	 3.48659
206.538 	 3.48544
206.597 	 3.48419
206.656 	 3.48288
206.715 	 3.4815
206.774 	 3.48007
206.833 	 3.47859
206.892 	 3.47709
206.951 	 3.47556
207.01 	 3.47402
207.069 	 3.4723
207.128 	 3.47031
207.187 	 3.46808
207.246 	 3.46563
207.305 	 3.46295
207.364 	 3.46009
207.423 	 3.45705
207.482 	 3.45384
207.541 	 3.45049
207.6 	 3.44702
207.659 	 3.44343
207.718 	 3.43975
207.777 	 3.43599
207.836 	 3.43217
207.895 	 3.42831
207.954 	 3.42442
208.013 	 3.42052
208.072 	 3.41657
208.131 	 3.41254
208.19 	 3.40841
208.249 	 3.40418
208.308 	 3.39981
208.367 	 3.39529
208.426 	 3.39062
208.485 	 3.38576
208.545 	 3.38071
208.604 	 3.37545
208.663 	 3.36995
208.722 	 3.36421
208.781 	 3.35822
208.84 	 3.35194
208.899 	 3.34537
208.958 	 3.33848
209.017 	 3.33123
209.076 	 3.323
209.135 	 3.31364
209.194 	 3.30329
209.253 	 3.29208
209.312 	 3.28011
209.371 	 3.26753
209.43 	 3.25445
209.489 	 3.24099
209.548 	 3.22728
209.607 	 3.21344
209.666 	 3.19959
209.725 	 3.18587
209.784 	 3.17239
209.843 	 3.15927
209.902 	 3.14664
209.961 	 3.13463
210.02 	 3.12332
210.079 	 3.11233
210.138 	 3.10153
210.197 	 3.0909
210.256 	 3.08041
210.315 	 3.07005
210.374 	 3.05979
210.433 	 3.04962
210.492 	 3.03953
210.551 	 3.02949
210.61 	 3.01947
210.669 	 3.00948
210.728 	 2.99948
210.787 	 2.98945
210.846 	 2.97938
210.905 	 2.96925
210.964 	 2.95905
211.023 	 2.94872
211.082 	 2.93809
211.141 	 2.92717
211.2 	 2.91603
211.259 	 2.90474
211.318 	 2.89335
211.377 	 2.88194
211.436 	 2.87058
211.495 	 2.85934
211.554 	 2.84827
211.613 	 2.83745
211.672 	 2.82694
211.731 	 2.81681
211.79 	 2.80713
211.849 	 2.79797
211.908 	 2.78939
211.967 	 2.78146
212.026 	 2.77418
212.085 	 2.76716
212.144 	 2.76032
212.203 	 2.75365
212.262 	 2.74717
212.321 	 2.74088
212.38 	 2.73479
212.439 	 2.72891
212.498 	 2.72323
212.557 	 2.71777
212.616 	 2.71253
212.675 	 2.70751
212.734 	 2.70273
212.793 	 2.69819
212.852 	 2.69389
212.911 	 2.68985
212.97 	 2.68606
213.029 	 2.68249
213.088 	 2.6789
213.147 	 2.67527
213.206 	 2.67164
213.265 	 2.66805
213.324 	 2.66453
213.383 	 2.66111
213.442 	 2.65783
213.502 	 2.65472
213.561 	 2.65183
213.62 	 2.64917
213.679 	 2.6468
213.738 	 2.64474
213.797 	 2.64303
213.856 	 2.6417
213.915 	 2.64079
213.974 	 2.64033
214.033 	 2.64031
214.092 	 2.64054
214.151 	 2.64097
214.21 	 2.6416
214.269 	 2.6424
214.328 	 2.64337
214.387 	 2.64449
214.446 	 2.64576
214.505 	 2.64715
214.564 	 2.64866
214.623 	 2.65027
214.682 	 2.65197
214.741 	 2.65375
214.8 	 2.65559
214.859 	 2.65749
214.918 	 2.65943
214.977 	 2.66139
215.036 	 2.66342
215.095 	 2.6657
215.154 	 2.66827
215.213 	 2.67112
215.272 	 2.67423
215.331 	 2.67761
215.39 	 2.68126
215.449 	 2.68516
215.508 	 2.68932
215.567 	 2.69372
215.626 	 2.69838
215.685 	 2.70327
215.744 	 2.70841
215.803 	 2.71377
215.862 	 2.71937
215.921 	 2.72519
215.98 	 2.73124
216.039 	 2.7378
216.098 	 2.74582
216.157 	 2.75521
216.216 	 2.76579
216.275 	 2.7774
216.334 	 2.78986
216.393 	 2.803
216.452 	 2.81666
216.511 	 2.83065
216.57 	 2.84482
216.629 	 2.85898
216.688 	 2.87298
216.747 	 2.88663
216.806 	 2.89976
216.865 	 2.91222
216.924 	 2.92381
216.983 	 2.93439
217.042 	 2.94398
217.101 	 2.95315
217.16 	 2.96196
217.219 	 2.97045
217.278 	 2.97868
217.337 	 2.98668
217.396 	 2.99449
217.455 	 3.00216
217.514 	 3.00973
217.573 	 3.01724
217.632 	 3.02474
217.691 	 3.03227
217.75 	 3.03987
217.809 	 3.04758
217.868 	 3.05545
217.927 	 3.06351
217.986 	 3.07182
218.045 	 3.08047
218.104 	 3.08957
218.163 	 3.09905
218.222 	 3.10882
218.281 	 3.11881
218.34 	 3.12892
218.399 	 3.13909
218.458 	 3.14922
218.518 	 3.15924
218.577 	 3.16907
218.636 	 3.17861
218.695 	 3.1878
218.754 	 3.19654
218.813 	 3.20477
218.872 	 3.21239
218.931 	 3.21932
218.99 	 3.22548
219.049 	 3.23103
219.108 	 3.23636
219.167 	 3.24149
219.226 	 3.24643
219.285 	 3.25118
219.344 	 3.25575
219.403 	 3.26013
219.462 	 3.26434
219.521 	 3.26837
219.58 	 3.27224
219.639 	 3.27595
219.698 	 3.2795
219.757 	 3.28289
219.816 	 3.28613
219.875 	 3.28923
219.934 	 3.2922
219.993 	 3.29502
220.052 	 3.29779
220.111 	 3.30063
220.17 	 3.30349
220.229 	 3.30635
220.288 	 3.30919
220.347 	 3.31197
220.406 	 3.31466
220.465 	 3.31724
220.524 	 3.31967
220.583 	 3.32193
220.642 	 3.32398
220.701 	 3.32581
220.76 	 3.32737
220.819 	 3.32864
220.878 	 3.3296
220.937 	 3.3302
220.996 	 3.33043
221.055 	 3.33018
221.114 	 3.32938
221.173 	 3.32808
221.232 	 3.32631
221.291 	 3.32413
221.35 	 3.32158
221.409 	 3.3187
221.468 	 3.31555
221.527 	 3.31215
221.586 	 3.30856
221.645 	 3.30482
221.704 	 3.30098
221.763 	 3.29708
221.822 	 3.29317
221.881 	 3.28928
221.94 	 3.28547
221.999 	 3.28178
222.058 	 3.278
222.117 	 3.2739
222.176 	 3.26951
222.235 	 3.26488
222.294 	 3.26004
222.353 	 3.25502
222.412 	 3.24987
222.471 	 3.24462
222.53 	 3.23931
222.589 	 3.23398
222.648 	 3.22866
222.707 	 3.22339
222.766 	 3.21821
222.825 	 3.21316
222.884 	 3.20827
222.943 	 3.20358
223.002 	 3.19913
223.061 	 3.19482
223.12 	 3.19055
223.179 	 3.18632
223.238 	 3.18213
223.297 	 3.17799
223.356 	 3.1739
223.415 	 3.16986
223.474 	 3.16587
223.534 	 3.16194
223.593 	 3.15807
223.652 	 3.15426
223.711 	 3.15052
223.77 	 3.14684
223.829 	 3.14323
223.888 	 3.13969
223.947 	 3.13623
224.006 	 3.13284
224.065 	 3.12945
224.124 	 3.12601
224.183 	 3.12253
224.242 	 3.11906
224.301 	 3.11559
224.36 	 3.11216
224.419 	 3.10879
224.478 	 3.10551
224.537 	 3.10232
224.596 	 3.09926
224.655 	 3.09634
224.714 	 3.09359
224.773 	 3.09103
224.832 	 3.08868
224.891 	 3.08656
224.95 	 3.0847
225.009 	 3.08311
225.068 	 3.08163
225.127 	 3.08017
225.186 	 3.07873
225.245 	 3.07733
225.304 	 3.07597
225.363 	 3.07466
225.422 	 3.07342
225.481 	 3.07225
225.54 	 3.07116
225.599 	 3.07016
225.658 	 3.06926
225.717 	 3.06848
225.776 	 3.0678
225.835 	 3.06726
225.894 	 3.06686
225.953 	 3.0666
226.012 	 3.06649
226.071 	 3.06644
226.13 	 3.06639
226.189 	 3.06634
226.248 	 3.0663
226.307 	 3.06626
226.366 	 3.06622
226.425 	 3.06619
226.484 	 3.06616
226.543 	 3.06613
226.602 	 3.0661
226.661 	 3.06608
226.72 	 3.06606
226.779 	 3.06605
226.838 	 3.06604
226.897 	 3.06603
226.956 	 3.06603
227.015 	 3.06604
227.074 	 3.06645
227.133 	 3.06735
227.192 	 3.06872
227.251 	 3.07052
227.31 	 3.07272
227.369 	 3.07527
227.428 	 3.07814
227.487 	 3.08129
227.546 	 3.0847
227.605 	 3.08831
227.664 	 3.09211
227.723 	 3.09604
227.782 	 3.10007
227.841 	 3.10417
227.9 	 3.10831
227.959 	 3.11243
228.018 	 3.11656
228.077 	 3.12118
228.136 	 3.12643
228.195 	 3.13224
228.254 	 3.13852
228.313 	 3.14523
228.372 	 3.15228
228.431 	 3.15961
228.49 	 3.16715
228.55 	 3.17483
228.609 	 3.18258
228.668 	 3.19034
228.727 	 3.19804
228.786 	 3.2056
228.845 	 3.21295
228.904 	 3.22004
228.963 	 3.22679
229.022 	 3.23315
229.081 	 3.2393
229.14 	 3.24532
229.199 	 3.25122
229.258 	 3.25702
229.317 	 3.26274
229.376 	 3.26841
229.435 	 3.27403
229.494 	 3.27963
229.553 	 3.28523
229.612 	 3.29084
229.671 	 3.29649
229.73 	 3.3022
229.789 	 3.30797
229.848 	 3.31384
229.907 	 3.31982
229.966 	 3.32593
230.025 	 3.33221
230.084 	 3.33887
230.143 	 3.34587
230.202 	 3.35316
230.261 	 3.36067
230.32 	 3.36833
230.379 	 3.37606
230.438 	 3.38379
230.497 	 3.39147
230.556 	 3.39902
230.615 	 3.40637
230.674 	 3.41345
230.733 	 3.4202
230.792 	 3.42654
230.851 	 3.4324
230.91 	 3.43772
230.969 	 3.44242
231.028 	 3.44654
231.087 	 3.45059
231.146 	 3.45464
231.205 	 3.45868
231.264 	 3.46265
231.323 	 3.46652
231.382 	 3.47026
231.441 	 3.47384
231.5 	 3.47721
231.559 	 3.48035
231.618 	 3.48322
231.677 	 3.48578
231.736 	 3.488
231.795 	 3.48984
231.854 	 3.49127
231.913 	 3.49225
231.972 	 3.49275
232.031 	 3.49271
232.09 	 3.49197
232.149 	 3.49058
232.208 	 3.48855
232.267 	 3.48596
232.326 	 3.48283
232.385 	 3.47922
232.444 	 3.47517
232.503 	 3.47073
232.562 	 3.46594
232.621 	 3.46085
232.68 	 3.45551
232.739 	 3.44996
232.798 	 3.44424
232.857 	 3.4384
232.916 	 3.4325
232.975 	 3.42656
233.034 	 3.42037
233.093 	 3.41276
233.152 	 3.4038
233.211 	 3.39366
233.27 	 3.38253
233.329 	 3.37061
233.388 	 3.35809
233.447 	 3.34514
233.507 	 3.33197
233.566 	 3.31876
233.625 	 3.3057
233.684 	 3.29298
233.743 	 3.28079
233.802 	 3.26931
233.861 	 3.25875
233.92 	 3.24928
233.979 	 3.2411
234.038 	 3.23419
234.097 	 3.22788
234.156 	 3.22203
234.215 	 3.2166
234.274 	 3.21151
234.333 	 3.20671
234.392 	 3.20212
234.451 	 3.19769
234.51 	 3.19336
234.569 	 3.18906
234.628 	 3.18473
234.687 	 3.1803
234.746 	 3.17572
234.805 	 3.17092
234.864 	 3.16584
234.923 	 3.16041
234.982 	 3.15457
235.041 	 3.14807
235.1 	 3.14037
235.159 	 3.13165
235.218 	 3.1221
235.277 	 3.11194
235.336 	 3.10137
235.395 	 3.09059
235.454 	 3.07981
235.513 	 3.06924
235.572 	 3.05907
235.631 	 3.04953
235.69 	 3.04081
235.749 	 3.03311
235.808 	 3.02665
235.867 	 3.02163
235.926 	 3.01826
235.985 	 3.01673
236.044 	 3.01679
236.103 	 3.01735
236.162 	 3.01833
236.221 	 3.01971
236.28 	 3.02147
236.339 	 3.02357
236.398 	 3.026
236.457 	 3.02873
236.516 	 3.03174
236.575 	 3.035
236.634 	 3.03849
236.693 	 3.04219
236.752 	 3.04607
236.811 	 3.0501
236.87 	 3.05427
236.929 	 3.05855
236.988 	 3.06291
237.047 	 3.06776
237.106 	 3.07391
237.165 	 3.08125
237.224 	 3.08967
237.283 	 3.09904
237.342 	 3.10926
237.401 	 3.12019
237.46 	 3.13172
237.519 	 3.14372
237.578 	 3.15608
237.637 	 3.16868
237.696 	 3.18139
237.755 	 3.19409
237.814 	 3.20667
237.873 	 3.219
237.932 	 3.23097
237.991 	 3.24244
238.05 	 3.25367
238.109 	 3.26516
238.168 	 3.27689
238.227 	 3.2888
238.286 	 3.30086
238.345 	 3.31302
238.404 	 3.32522
238.463 	 3.33743
238.523 	 3.3496
238.582 	 3.36168
238.641 	 3.37363
238.7 	 3.3854
238.759 	 3.39694
238.818 	 3.40821
238.877 	 3.41916
238.936 	 3.42975
238.995 	 3.43992
239.054 	 3.44977
239.113 	 3.45946
239.172 	 3.46898
239.231 	 3.47834
239.29 	 3.48755
239.349 	 3.49661
239.408 	 3.50552
239.467 	 3.51429
239.526 	 3.52291
239.585 	 3.53139
239.644 	 3.53974
239.703 	 3.54796
239.762 	 3.55604
239.821 	 3.564
239.88 	 3.57183
239.939 	 3.57955
239.998 	 3.58714
240.057 	 3.59462
240.116 	 3.60195
240.175 	 3.60916
240.234 	 3.61626
240.293 	 3.62323
240.352 	 3.63011
240.411 	 3.63688
240.47 	 3.64356
240.529 	 3.65015
240.588 	 3.65667
240.647 	 3.66311
240.706 	 3.66949
240.765 	 3.6758
240.824 	 3.68207
240.883 	 3.68829
240.942 	 3.69447
241.001 	 3.70062
241.06 	 3.70678
241.119 	 3.71295
241.178 	 3.71912
241.237 	 3.72528
241.296 	 3.73141
241.355 	 3.73749
241.414 	 3.74352
241.473 	 3.74947
241.532 	 3.75533
241.591 	 3.76109
241.65 	 3.76672
241.709 	 3.77222
241.768 	 3.77756
241.827 	 3.78274
241.886 	 3.78773
241.945 	 3.79253
242.004 	 3.79711
242.063 	 3.80153
242.122 	 3.80584
242.181 	 3.81004
242.24 	 3.81413
242.299 	 3.81813
242.358 	 3.82203
242.417 	 3.82585
242.476 	 3.82957
242.535 	 3.83322
242.594 	 3.83679
242.653 	 3.84028
242.712 	 3.84371
242.771 	 3.84707
242.83 	 3.85037
242.889 	 3.85362
242.948 	 3.85682
243.007 	 3.85997
243.066 	 3.86315
243.125 	 3.86638
243.184 	 3.86965
243.243 	 3.87293
243.302 	 3.8762
243.361 	 3.87943
243.42 	 3.8826
243.479 	 3.88569
243.539 	 3.88867
243.598 	 3.89151
243.657 	 3.8942
243.716 	 3.89671
243.775 	 3.89902
243.834 	 3.9011
243.893 	 3.90293
243.952 	 3.90449
244.011 	 3.90575
244.07 	 3.9069
244.129 	 3.90803
244.188 	 3.90913
244.247 	 3.9102
244.306 	 3.91122
244.365 	 3.91221
244.424 	 3.91313
244.483 	 3.914
244.542 	 3.9148
244.601 	 3.91553
244.66 	 3.91618
244.719 	 3.91674
244.778 	 3.91721
244.837 	 3.91758
244.896 	 3.91785
244.955 	 3.918
245.014 	 3.91803
245.073 	 3.91788
245.132 	 3.91755
245.191 	 3.91703
245.25 	 3.91635
245.309 	 3.9155
245.368 	 3.9145
245.427 	 3.91337
245.486 	 3.9121
245.545 	 3.91071
245.604 	 3.90921
245.663 	 3.90762
245.722 	 3.90593
245.781 	 3.90416
245.84 	 3.90232
245.899 	 3.90042
245.958 	 3.89847
246.017 	 3.89645
246.076 	 3.89388
246.135 	 3.89065
246.194 	 3.88682
246.253 	 3.88246
246.312 	 3.87763
246.371 	 3.8724
246.43 	 3.86684
246.489 	 3.86101
246.548 	 3.85499
246.607 	 3.84882
246.666 	 3.8426
246.725 	 3.83637
246.784 	 3.8302
246.843 	 3.82417
246.902 	 3.81833
246.961 	 3.81276
247.02 	 3.80749
247.079 	 3.8022
247.138 	 3.79679
247.197 	 3.79131
247.256 	 3.78576
247.315 	 3.78018
247.374 	 3.77459
247.433 	 3.76902
247.492 	 3.76349
247.551 	 3.75803
247.61 	 3.75266
247.669 	 3.74741
247.728 	 3.7423
247.787 	 3.73736
247.846 	 3.73262
247.905 	 3.7281
247.964 	 3.72382
248.023 	 3.71981
248.082 	 3.71605
248.141 	 3.71252
248.2 	 3.70918
248.259 	 3.706
248.318 	 3.70295
248.377 	 3.69999
248.436 	 3.6971
248.495 	 3.69424
248.555 	 3.69139
248.614 	 3.6885
248.673 	 3.68556
248.732 	 3.68252
248.791 	 3.67936
248.85 	 3.67604
248.909 	 3.67254
248.968 	 3.66882
249.027 	 3.66479
249.086 	 3.66007
249.145 	 3.65469
249.204 	 3.64878
249.263 	 3.64245
249.322 	 3.63584
249.381 	 3.62905
249.44 	 3.62222
249.499 	 3.61547
249.558 	 3.60891
249.617 	 3.60268
249.676 	 3.5969
249.735 	 3.59168
249.794 	 3.58715
249.853 	 3.58344
249.912 	 3.58066
249.971 	 3.57893
250.03 	 3.57824
250.089 	 3.57771
250.148 	 3.57722
250.207 	 3.57675
250.266 	 3.57631
250.325 	 3.5759
250.384 	 3.57552
250.443 	 3.57518
250.502 	 3.57486
250.561 	 3.57458
250.62 	 3.57433
250.679 	 3.57412
250.738 	 3.57394
250.797 	 3.57379
250.856 	 3.57368
250.915 	 3.57361
250.974 	 3.57358
251.033 	 3.57364
251.092 	 3.57412
251.151 	 3.575
251.21 	 3.57622
251.269 	 3.57775
251.328 	 3.57952
251.387 	 3.5815
251.446 	 3.58363
251.505 	 3.58586
251.564 	 3.58815
251.623 	 3.59044
251.682 	 3.59268
251.741 	 3.59482
251.8 	 3.59682
251.859 	 3.59863
251.918 	 3.60019
251.977 	 3.60145
252.036 	 3.60244
252.095 	 3.60342
252.154 	 3.60439
252.213 	 3.60535
252.272 	 3.6063
252.331 	 3.60722
252.39 	 3.60811
252.449 	 3.60896
252.508 	 3.60975
252.567 	 3.61049
252.626 	 3.61116
252.685 	 3.61176
252.744 	 3.61228
252.803 	 3.6127
252.862 	 3.61303
252.921 	 3.61324
252.98 	 3.61334
253.039 	 3.61321
253.098 	 3.61252
253.157 	 3.61126
253.216 	 3.6095
253.275 	 3.60726
253.334 	 3.6046
253.393 	 3.60156
253.452 	 3.59817
253.512 	 3.59449
253.571 	 3.59054
253.63 	 3.58639
253.689 	 3.58206
253.748 	 3.5776
253.807 	 3.57306
253.866 	 3.56847
253.925 	 3.56388
253.984 	 3.55933
254.043 	 3.55472
254.102 	 3.54969
254.161 	 3.54424
254.22 	 3.53841
254.279 	 3.5322
254.338 	 3.52565
254.397 	 3.51879
254.456 	 3.51163
254.515 	 3.5042
254.574 	 3.49653
254.633 	 3.48863
254.692 	 3.48054
254.751 	 3.47228
254.81 	 3.46387
254.869 	 3.45533
254.928 	 3.4467
254.987 	 3.43799
255.046 	 3.42904
255.105 	 3.41947
255.164 	 3.40934
255.223 	 3.39871
255.282 	 3.38767
255.341 	 3.37628
255.4 	 3.36462
255.459 	 3.35276
255.518 	 3.34077
255.577 	 3.32873
255.636 	 3.3167
255.695 	 3.30476
255.754 	 3.29298
255.813 	 3.28144
255.872 	 3.2702
255.931 	 3.25934
255.99 	 3.24893
256.049 	 3.23893
256.108 	 3.22912
256.167 	 3.21949
256.226 	 3.21002
256.285 	 3.20069
256.344 	 3.19147
256.403 	 3.18236
256.462 	 3.17332
256.521 	 3.16436
256.58 	 3.15544
256.639 	 3.14654
256.698 	 3.13765
256.757 	 3.12876
256.816 	 3.11983
256.875 	 3.11086
256.934 	 3.10182
256.993 	 3.0927
257.052 	 3.08332
257.111 	 3.07352
257.17 	 3.06337
257.229 	 3.05298
257.288 	 3.04242
257.347 	 3.03179
257.406 	 3.02119
257.465 	 3.0107
257.524 	 3.0004
257.583 	 2.99041
257.642 	 2.98079
257.701 	 2.97165
257.76 	 2.96308
257.819 	 2.95516
257.878 	 2.94799
257.937 	 2.94166
257.996 	 2.93626
258.055 	 2.93141
258.114 	 2.92657
258.173 	 2.92178
258.232 	 2.91708
258.291 	 2.91249
258.35 	 2.90807
258.409 	 2.90384
258.468 	 2.89984
258.528 	 2.89611
258.587 	 2.89268
258.646 	 2.88958
258.705 	 2.88687
258.764 	 2.88456
258.823 	 2.88271
258.882 	 2.88134
258.941 	 2.88049
259 	 2.88019
259.059 	 2.8803
259.118 	 2.8806
259.177 	 2.88108
259.236 	 2.88171
259.295 	 2.88245
259.354 	 2.88329
259.413 	 2.88419
259.472 	 2.88513
259.531 	 2.88609
259.59 	 2.88703
259.649 	 2.88793
259.708 	 2.88877
259.767 	 2.88951
259.826 	 2.89012
259.885 	 2.8906
259.944 	 2.8909
260.003 	 2.89099
260.062 	 2.89051
260.121 	 2.88918
260.18 	 2.88708
260.239 	 2.88429
260.298 	 2.88087
260.357 	 2.87691
260.416 	 2.87247
260.475 	 2.86763
260.534 	 2.86245
260.593 	 2.85702
260.652 	 2.8514
260.711 	 2.84566
260.77 	 2.83989
260.829 	 2.83415
260.888 	 2.82852
260.947 	 2.82306
261.006 	 2.81786
261.065 	 2.81248
261.124 	 2.80667
261.183 	 2.8005
261.242 	 2.79402
261.301 	 2.7873
261.36 	 2.78041
261.419 	 2.77341
261.478 	 2.76637
261.537 	 2.75934
261.596 	 2.75241
261.655 	 2.74562
261.714 	 2.73905
261.773 	 2.73275
261.832 	 2.7268
261.891 	 2.72126
261.95 	 2.7162
262.009 	 2.71166
262.068 	 2.70724
262.127 	 2.70273
262.186 	 2.69817
262.245 	 2.69361
262.304 	 2.6891
262.363 	 2.68469
262.422 	 2.68042
262.481 	 2.67634
262.54 	 2.67251
262.599 	 2.66896
262.658 	 2.66575
262.717 	 2.66292
262.776 	 2.66052
262.835 	 2.65861
262.894 	 2.65722
262.953 	 2.65641
263.012 	 2.65621
263.071 	 2.65627
263.13 	 2.6564
263.189 	 2.6566
263.248 	 2.65688
263.307 	 2.65724
263.366 	 2.65767
263.425 	 2.65817
263.484 	 2.65874
263.544 	 2.65938
263.603 	 2.66009
263.662 	 2.66088
263.721 	 2.66173
263.78 	 2.66265
263.839 	 2.66363
263.898 	 2.66469
263.957 	 2.6658
264.016 	 2.66714
264.075 	 2.67165
264.134 	 2.68016
264.193 	 2.69227
264.252 	 2.70758
264.311 	 2.7257
264.37 	 2.74623
264.429 	 2.76876
264.488 	 2.7929
264.547 	 2.81825
264.606 	 2.84441
264.665 	 2.87098
264.724 	 2.89757
264.783 	 2.92377
264.842 	 2.94918
264.901 	 2.97341
264.96 	 2.99606
265.019 	 3.01687
265.078 	 3.03765
265.137 	 3.05895
265.196 	 3.08064
265.255 	 3.1026
265.314 	 3.12472
265.373 	 3.14688
265.432 	 3.16896
265.491 	 3.19085
265.55 	 3.21241
265.609 	 3.23354
265.668 	 3.25412
265.727 	 3.27403
265.786 	 3.29315
265.845 	 3.31136
265.904 	 3.32854
265.963 	 3.34458
266.022 	 3.3595
266.081 	 3.37455
266.14 	 3.38997
266.199 	 3.40558
266.258 	 3.4212
266.317 	 3.43666
266.376 	 3.45179
266.435 	 3.46642
266.494 	 3.48038
266.553 	 3.4935
266.612 	 3.50559
266.671 	 3.5165
266.73 	 3.52605
266.789 	 3.53406
266.848 	 3.54037
266.907 	 3.5448
266.966 	 3.54718
267.025 	 3.54747
267.084 	 3.54663
267.143 	 3.54493
267.202 	 3.54243
267.261 	 3.53918
267.32 	 3.53524
267.379 	 3.53066
267.438 	 3.5255
267.497 	 3.51981
267.556 	 3.51364
267.615 	 3.50706
267.674 	 3.50011
267.733 	 3.49286
267.792 	 3.48535
267.851 	 3.47764
267.91 	 3.46978
267.969 	 3.46184
268.028 	 3.45362
268.087 	 3.44367
268.146 	 3.43191
268.205 	 3.41854
268.264 	 3.40377
268.323 	 3.3878
268.382 	 3.37083
268.441 	 3.35308
268.501 	 3.33473
268.56 	 3.316
268.619 	 3.2971
268.678 	 3.27821
268.737 	 3.25956
268.796 	 3.24134
268.855 	 3.22375
268.914 	 3.20701
268.973 	 3.19131
269.032 	 3.17662
269.091 	 3.16181
269.15 	 3.14678
269.209 	 3.13163
269.268 	 3.11645
269.327 	 3.10133
269.386 	 3.08636
269.445 	 3.07161
269.504 	 3.0572
269.563 	 3.0432
269.622 	 3.0297
269.681 	 3.0168
269.74 	 3.00457
269.799 	 2.99313
269.858 	 2.98254
269.917 	 2.9729
269.976 	 2.9643
270.035 	 2.95662
270.094 	 2.94898
270.153 	 2.94135
270.212 	 2.93379
270.271 	 2.92637
270.33 	 2.91915
270.389 	 2.91218
270.448 	 2.90555
270.507 	 2.89931
270.566 	 2.89352
270.625 	 2.88825
270.684 	 2.88356
270.743 	 2.87952
270.802 	 2.87619
270.861 	 2.87363
270.92 	 2.87191
270.979 	 2.87109
271.038 	 2.87121
271.097 	 2.8722
271.156 	 2.87398
271.215 	 2.8765
271.274 	 2.87968
271.333 	 2.88346
271.392 	 2.88777
271.451 	 2.89255
271.51 	 2.89773
271.569 	 2.90325
271.628 	 2.90904
271.687 	 2.91503
271.746 	 2.92116
271.805 	 2.92737
271.864 	 2.93358
271.923 	 2.93973
271.982 	 2.94576
272.041 	 2.9518
272.1 	 2.95837
272.159 	 2.96545
272.218 	 2.973
272.277 	 2.98094
272.336 	 2.98925
272.395 	 2.99785
272.454 	 3.0067
272.513 	 3.01574
272.572 	 3.02492
272.631 	 3.03418
272.69 	 3.04348
272.749 	 3.05276
272.808 	 3.06196
272.867 	 3.07103
272.926 	 3.07992
272.985 	 3.08857
273.044 	 3.09699
273.103 	 3.10532
273.162 	 3.11358
273.221 	 3.12178
273.28 	 3.12995
273.339 	 3.1381
273.398 	 3.14625
273.457 	 3.15443
273.517 	 3.16264
273.576 	 3.17091
273.635 	 3.17925
273.694 	 3.18769
273.753 	 3.19624
273.812 	 3.20492
273.871 	 3.21374
273.93 	 3.22274
273.989 	 3.23192
274.048 	 3.24139
274.107 	 3.25125
274.166 	 3.26148
274.225 	 3.27199
274.284 	 3.28274
274.343 	 3.29367
274.402 	 3.30472
274.461 	 3.31583
274.52 	 3.32694
274.579 	 3.33799
274.638 	 3.34893
274.697 	 3.35969
274.756 	 3.37022
274.815 	 3.38046
274.874 	 3.39034
274.933 	 3.39982
274.992 	 3.40883
275.051 	 3.41749
275.11 	 3.42606
275.169 	 3.43454
275.228 	 3.4429
275.287 	 3.45114
275.346 	 3.45925
275.405 	 3.4672
275.464 	 3.475
275.523 	 3.48262
275.582 	 3.49006
275.641 	 3.4973
275.7 	 3.50432
275.759 	 3.51112
275.818 	 3.51769
275.877 	 3.524
275.936 	 3.53005
275.995 	 3.53582
276.054 	 3.54149
276.113 	 3.54726
276.172 	 3.55308
276.231 	 3.55891
276.29 	 3.5647
276.349 	 3.57039
276.408 	 3.57594
276.467 	 3.58129
276.526 	 3.5864
276.585 	 3.59121
276.644 	 3.59568
276.703 	 3.59975
276.762 	 3.60338
276.821 	 3.60652
276.88 	 3.60911
276.939 	 3.61111
276.998 	 3.61246
277.057 	 3.61344
277.116 	 3.61438
277.175 	 3.61527
277.234 	 3.61612
277.293 	 3.61693
277.352 	 3.61768
277.411 	 3.61838
277.47 	 3.61903
277.529 	 3.61962
277.588 	 3.62015
277.647 	 3.62061
277.706 	 3.62102
277.765 	 3.62135
277.824 	 3.62161
277.883 	 3.62181
277.942 	 3.62192
278.001 	 3.62196
278.06 	 3.62193
278.119 	 3.62184
278.178 	 3.62169
278.237 	 3.62148
278.296 	 3.62122
278.355 	 3.62091
278.414 	 3.62055
278.473 	 3.62014
278.533 	 3.61968
278.592 	 3.61919
278.651 	 3.61865
278.71 	 3.61807
278.769 	 3.61745
278.828 	 3.61679
278.887 	 3.61611
278.946 	 3.61539
279.005 	 3.61464
279.064 	 3.6136
279.123 	 3.61209
279.182 	 3.61016
279.241 	 3.60784
279.3 	 3.60515
279.359 	 3.60213
279.418 	 3.59882
279.477 	 3.59525
279.536 	 3.59144
279.595 	 3.58745
279.654 	 3.58329
279.713 	 3.579
279.772 	 3.57462
279.831 	 3.57017
279.89 	 3.5657
279.949 	 3.56123
280.008 	 3.55679
280.067 	 3.55197
280.126 	 3.54656
280.185 	 3.54063
280.244 	 3.53428
280.303 	 3.52758
280.362 	 3.52061
280.421 	 3.51345
280.48 	 3.50619
280.539 	 3.49889
280.598 	 3.49165
280.657 	 3.48454
280.716 	 3.47765
280.775 	 3.47105
280.834 	 3.46482
280.893 	 3.45905
280.952 	 3.45381
281.011 	 3.44918
281.07 	 3.44496
281.129 	 3.44099
281.188 	 3.43725
281.247 	 3.43371
281.306 	 3.43033
281.365 	 3.42709
281.424 	 3.42395
281.483 	 3.42089
281.542 	 3.41787
281.601 	 3.41486
281.66 	 3.41184
281.719 	 3.40877
281.778 	 3.40562
281.837 	 3.40236
281.896 	 3.39897
281.955 	 3.3954
282.014 	 3.39163
282.073 	 3.38754
282.132 	 3.38313
282.191 	 3.37845
282.25 	 3.37356
282.309 	 3.36853
282.368 	 3.36341
282.427 	 3.35826
282.486 	 3.35314
282.545 	 3.3481
282.604 	 3.3432
282.663 	 3.3385
282.722 	 3.33407
282.781 	 3.32995
282.84 	 3.3262
282.899 	 3.32289
282.958 	 3.32007
283.017 	 3.31777
283.076 	 3.31562
283.135 	 3.3135
283.194 	 3.31141
283.253 	 3.30937
283.312 	 3.3074
283.371 	 3.30551
283.43 	 3.30371
283.489 	 3.30202
283.549 	 3.30046
283.608 	 3.29904
283.667 	 3.29777
283.726 	 3.29667
283.785 	 3.29575
283.844 	 3.29503
283.903 	 3.29452
283.962 	 3.29424
284.021 	 3.2942
284.08 	 3.29426
284.139 	 3.2944
284.198 	 3.29461
284.257 	 3.29488
284.316 	 3.29523
284.375 	 3.29563
284.434 	 3.2961
284.493 	 3.29663
284.552 	 3.29722
284.611 	 3.29785
284.67 	 3.29855
284.729 	 3.29929
284.788 	 3.30007
284.847 	 3.30091
284.906 	 3.30178
284.965 	 3.30269
285.024 	 3.30369
285.083 	 3.30514
285.142 	 3.30713
285.201 	 3.30961
285.26 	 3.31257
285.319 	 3.31598
285.378 	 3.31981
285.437 	 3.32403
285.496 	 3.32862
285.555 	 3.33355
285.614 	 3.33879
285.673 	 3.34432
285.732 	 3.35011
285.791 	 3.35613
285.85 	 3.36236
285.909 	 3.36877
285.968 	 3.37533
286.027 	 3.38214
286.086 	 3.39008
286.145 	 3.39923
286.204 	 3.4095
286.263 	 3.42077
286.322 	 3.43294
286.381 	 3.44592
286.44 	 3.45959
286.499 	 3.47386
286.558 	 3.48863
286.617 	 3.50379
286.676 	 3.51923
286.735 	 3.53486
286.794 	 3.55057
286.853 	 3.56627
286.912 	 3.58184
286.971 	 3.59718
287.03 	 3.61239
287.089 	 3.62838
287.148 	 3.6452
287.207 	 3.66271
287.266 	 3.68078
287.325 	 3.69926
287.384 	 3.71802
287.443 	 3.73692
287.502 	 3.75584
287.561 	 3.77462
287.62 	 3.79314
287.679 	 3.81126
287.738 	 3.82884
287.797 	 3.84575
287.856 	 3.86185
287.915 	 3.877
287.974 	 3.89107
288.033 	 3.90404
288.092 	 3.91636
288.151 	 3.92816
288.21 	 3.93949
288.269 	 3.9504
288.328 	 3.96095
288.387 	 3.97119
288.446 	 3.98117
288.506 	 3.99095
288.565 	 4.00058
288.624 	 4.01012
288.683 	 4.01962
288.742 	 4.02914
288.801 	 4.03872
288.86 	 4.04843
288.919 	 4.05831
288.978 	 4.06842
289.037 	 4.07881
289.096 	 4.08945
289.155 	 4.1003
289.214 	 4.1113
289.273 	 4.1224
289.332 	 4.13356
289.391 	 4.14472
289.45 	 4.15583
289.509 	 4.16683
289.568 	 4.17769
289.627 	 4.18835
289.686 	 4.19875
289.745 	 4.20885
289.804 	 4.21859
289.863 	 4.22793
289.922 	 4.23682
289.981 	 4.2452
290.04 	 4.25324
290.099 	 4.26156
290.158 	 4.27011
290.217 	 4.27879
290.276 	 4.28749
290.335 	 4.29612
290.394 	 4.30456
290.453 	 4.31273
290.512 	 4.3205
290.571 	 4.32779
290.63 	 4.33449
290.689 	 4.34049
290.748 	 4.3457
290.807 	 4.35001
290.866 	 4.35332
290.925 	 4.35552
290.984 	 4.35652
291.043 	 4.35654
291.102 	 4.35645
291.161 	 4.35627
291.22 	 4.35603
291.279 	 4.35573
291.338 	 4.35536
291.397 	 4.35494
291.456 	 4.35447
291.515 	 4.35396
291.574 	 4.3534
291.633 	 4.35281
291.692 	 4.35218
291.751 	 4.35153
291.81 	 4.35086
291.869 	 4.35017
291.928 	 4.34947
291.987 	 4.34876
292.046 	 4.34803
292.105 	 4.3472
292.164 	 4.34629
292.223 	 4.34529
292.282 	 4.3442
292.341 	 4.34302
292.4 	 4.34175
292.459 	 4.34039
292.518 	 4.33895
292.577 	 4.33742
292.636 	 4.33581
292.695 	 4.3341
292.754 	 4.33231
292.813 	 4.33044
292.872 	 4.32848
292.931 	 4.32643
292.99 	 4.3243
293.049 	 4.32193
293.108 	 4.31908
293.167 	 4.3158
293.226 	 4.31212
293.285 	 4.3081
293.344 	 4.30378
293.403 	 4.2992
293.462 	 4.29442
293.522 	 4.28947
293.581 	 4.28442
293.64 	 4.27929
293.699 	 4.27414
293.758 	 4.26902
293.817 	 4.26397
293.876 	 4.25904
293.935 	 4.25427
293.994 	 4.24971
294.053 	 4.24524
294.112 	 4.24065
294.171 	 4.23596
294.23 	 4.23119
294.289 	 4.22638
294.348 	 4.22155
294.407 	 4.21673
294.466 	 4.21193
294.525 	 4.2072
294.584 	 4.20255
294.643 	 4.19802
294.702 	 4.19362
294.761 	 4.18939
294.82 	 4.18535
294.879 	 4.18152
294.938 	 4.17795
294.997 	 4.17464
295.056 	 4.17144
295.115 	 4.16815
295.174 	 4.16481
295.233 	 4.16146
295.292 	 4.15812
295.351 	 4.15484
295.41 	 4.15166
295.469 	 4.14861
295.528 	 4.14572
295.587 	 4.14303
295.646 	 4.14059
295.705 	 4.13842
295.764 	 4.13656
295.823 	 4.13506
295.882 	 4.13393
295.941 	 4.13323
296 	 4.13299
 	 
