8.12748497854
8.14010352324
8.09500926032
8.08127047437
8.11868039579
8.08964742144
8.12612576116
8.08914928314
8.1081285678
8.11982579355
8.17690023541
8.08679851501
8.13486324494
8.13584923366
8.0840683122
8.15664399444
8.08767790829
8.10874419574
8.12584459966
8.17927095459
8.11707507793
8.16778821841
8.14263733057
8.08857962602
8.05647404106
8.12604886266
8.1230714309
8.10811238121
8.16410046429
8.16342538051
8.12052018925
8.11976813921
8.17301763071
8.14077521344
8.07979136913
8.15317806685
8.0759643051
8.11763622811
8.08454229684
8.06177293933
8.15948618527
8.09345973749
8.09474279882
8.12788360529
8.10223323449
8.13296034419
8.12012124304
8.15672984891
8.06184530394
8.13679828555
8.17325589336
8.09640602491
8.1425574176
8.12883806579
8.13569325955
8.1360278232
8.16475883649
8.15548379307
8.16451021949
8.09925810018
8.14412419174
8.1041927767
8.15063007824
8.18617805515
8.1493625033
8.08783582143
8.11853429834
8.10102836048
8.14609534432
8.1440540841
8.09556402722
8.16245021833
8.1019219919
8.16621549191
8.12442318408
8.13371421745
8.11306853772
8.15083648622
8.15678637384
8.1008074864
8.04409397848
8.09593893275
8.09673653031
8.17178112222
8.11925337551
8.05783564211
8.10355391948
8.1791282915
8.13197001631
8.15738012314
8.16489794882
8.08013565701
8.10870861253
8.13219789616
8.11375845715
8.1280918799
8.10438789888
8.12801419625
8.12330204475
8.14024156923
8.13546683529
8.12180493501
8.18081007132
8.11707369783
8.11473165838
8.10006543097
8.05634111259
8.09070123055
8.13917045878
8.17206987256
8.1026912678
8.15681360231
8.18638234462
8.06470358104
8.16937713001
8.07999075406
8.1456837335
8.09964679759
8.12545285276
8.1477729568
8.1663497514
8.11240599248
8.09907500858
8.08416089051
8.14336402127
8.15873282663
8.10260492529
8.12575292628
8.10359841776
8.1223802556
8.13677518538
8.08849479434
8.10287314309
8.14244727153
8.16934899195
8.12137927124
8.09032618279
8.05719465421
8.07335284751
8.05634552123
8.12655137064
8.1161470961
8.1430233871
8.17234527946
8.16174967616
8.06773699436
8.13857696139
8.16024290975
8.18282255582
8.16492335231
8.10067031093
8.106461356
8.10403041758
8.11346892158
8.05919155059
8.11386047466
8.16838619261
8.11308472402
8.15004307986
8.09951404775
8.14564197324
8.07178298842
8.12837028762
8.0885394829
8.06913739984
8.14062978648
8.05334172036
8.11951722931
8.11136874867
8.11379223442
8.19498745052
8.11432995697
8.13410881315
8.12130597065
8.12783389105
8.14185960133
8.1132663736
8.09201477869
8.11581071245
8.10514679012
8.10250175104
8.1323711929
8.11011935087
8.13971762471
8.12104416805
8.14378234572
8.09855074055
8.10786566269
8.13335638156
8.1777589667
8.20428912598
8.16104778371
8.09438110057
8.1376512804
8.15785284192
8.12800230279
8.1251830215
8.13290425799
8.10295882375
8.10045716776
8.12949059573
8.1279317033
8.09985125038
8.14935141825
8.12649508708
8.13084970672
8.11456191871
8.11123700395
8.0973302124
8.08360291913
8.11287962337
8.13312537538
8.11637803024
8.11943174516
8.15197412294
8.08113136759
8.11170392436
8.20032239591
8.1236994885
8.15563002514
8.11256178622
8.1147891477
8.15234334233
8.1117866924
8.10973382128
8.09774266702
8.16141365424
8.13120182832
8.1469029405
8.08488281945
8.06184231154
8.14150181745
8.08493047326
8.13899033684
8.09881118918
8.15132186101
8.17455730644
8.16702303013
8.01435763942
8.10456831347
8.13991750822
8.04012686794
8.14313330338
8.0710978026
8.14529359582
8.14792684999
8.10981104344
8.07836429979
8.11347696205
8.13224473448
8.10190400969
8.11511108305
8.11421749565
8.13975513548
8.10602606888
8.11637124573
8.12191328166
8.09935743449
8.0997051394
8.12389299319
8.08930058355
8.1356553185
8.10243605681
8.14841465261
8.04093338136
8.15487982533
8.0897268428
8.09309850792
8.08937178569
8.19820799983
8.15307826134
8.1428855303
8.10921062439
8.12087138063
8.06957656736
8.04396755733
8.08713284131
8.08665946871
8.13310097455
8.1165996769
8.09314370863
8.11858571157
8.10094988766
8.14459235912
8.15370707726
8.07018210216
8.13746651374
8.07473997174
8.17773811584
8.14956393512
8.17957657506
8.0794921338
8.12336614212
8.1202443145
8.14085502643
8.16516019489
8.13704970177
8.10961125407
8.107056735
8.0496367301
8.08504622311
8.09363382952
8.08987249913
8.08823596633
8.07933041875
8.13652123694
8.1859501312
8.10718238915
8.12709879664
8.10058461963
8.13502309586
8.13167613045
8.14836866682
8.15515102116
8.13848875993
8.10755780968
8.12646580038
8.12566114431
8.10523725621
8.07045141773
8.07807524305
8.10140758152
8.14791072937
8.12326429676
8.16331417293
8.14907741737
8.10065609963
8.12516180612
8.14724390624
8.15261567576
8.15631286248
8.17798536219
8.11177441324
8.18002052708
8.15322281292
8.09430313802
8.13972351175
8.14092356842
8.14016254721
8.09622748624
8.17851336693
8.08241356475
8.14932548516
8.09316283471
8.14193414728
8.18487439046
8.09050243058
8.14028303104
8.12706875029
8.0904879578
8.09706313861
8.0797668215
8.09748017555
8.08116714234
8.07742357788
8.1153083295
8.13813867787
8.14911128913
8.14816146673
8.12346054748
8.06704474338
8.11688771245
8.12242858141
8.14424578726
8.07836313407
8.10789731854
8.07696101383
8.13960815378
8.12445264658
8.1028204307
8.12888332681
8.12111899582
8.13453463259
8.12181770112
8.12913006894
8.15267278317
8.09037783764
8.08001239285
8.13754316159
8.10441132161
8.17151454247
8.17003981124
8.14259402219
8.08390320168
8.12419964108
8.09400938462
8.11187758143
8.1505749074
8.10581916765
8.11290636883
8.15110745952
8.1183263937
8.14779875149
8.13619662069
8.16624893731
8.14416979329
8.12480513261
8.14951624454
8.13791673189
8.14999792818
8.14331913238
8.14408609916
8.12857459033
8.09371322778
8.09564878917
8.13807860086
8.08111026872
8.07808309002
8.07954748327
8.11751841
8.0774753099
8.15404258403
8.0737382427
8.11466050037
8.14154539086
8.10897825709
8.06614479489
8.11412050722
8.09475414707
8.15139913252
8.13544895253
8.05918924116
8.15864259633
8.13526405545
8.12658372915
8.13429065535
8.11643076593
8.08894039245
8.14999048377
8.11208888888
8.11869712617
8.11561419698
8.13535712776
8.11567441671
8.12428751608
8.15733165624
8.15301513582
8.14469822682
8.10433106226
8.11562409472
8.11066074049
8.10976365262
8.09290003919
8.18834413298
8.20580666692
8.11237367914
8.14804946345
8.07657095098
8.05986568471
8.13103731107
8.14365439823
8.09127473123
8.13571052005
8.17249205864
8.12973823927
8.0871277382
8.07532958376
8.05675978547
8.12950964177
8.07777145389
8.12456045904
8.15699850637
8.13859224105
8.12177713518
8.08091488219
8.13799054012
8.09327303514
8.11085762085
8.09833465887
8.1019296294
8.12395521012
8.13668201967
8.12658996074
8.16469239547
8.1625550823
8.11308402275
8.08888996256
8.11664911776
8.1125557656
8.15944581745
8.13557417939
8.13365790633
8.14319435035
8.11894111961
8.09533736664
8.1158811234
8.13398227466
8.12389939962
8.10371395431
8.12331284959
8.09191096311
8.1879875548
8.1149048611
8.0969757596
8.13645442166
8.11202678133
8.10954161345
8.13899700887
8.14469181001
8.12989317754
8.05059912363
8.11555812734
8.14897155675
8.1331917356
8.19024813086
8.1341610172
8.12701784802
8.11376205335
8.13961618606
8.1487922777
8.15393946265
8.09073515829
8.09722752132
8.10340383967
8.09088449156
8.14131605707
8.06913083097
8.11607798494
8.08374456162
8.1335922693
8.12831332799
8.1811835141
8.15064884166
8.11866798449
8.12914507156
8.15252573477
8.15925467255
8.0663696949
8.13079925846
8.1137391569
8.09872308527
8.12342155169
8.10093869955
8.11083588282
8.14081744993
8.13648517891
8.07790970176
8.114702827
8.13857924881
8.13160037498
8.13931740688
8.1447734271
8.11559148743
8.16007271775
8.09268122199
8.09715603061
8.15889543384
8.13481814872
8.15412367091
8.1210326964
8.12061407745
8.09312790687
8.12051118366
8.09279223656
8.15460758065
8.10610667545
8.13372501127
8.16507855534
8.10732638076
8.10484806864
8.11385842545
8.13573340551
8.14984405489
8.1127818753
8.12318792341
8.18324763021
8.11020368045
8.09972332967
8.1244869777
8.11791369549
8.14827513453
8.11886776432
8.08957496993
8.08935523234
8.11248052382
8.09794658349
8.1131615538
8.1357119422
8.10537344447
8.10672595058
8.07601961488
8.13747856324
8.19279877081
8.19154575188
8.14758746829
8.12275358295
8.1004685546
8.09687186069
8.08138841024
8.14145083441
8.13780177815
8.16243489073
8.07931062034
8.07028618588
8.13375112179
8.13504713233
8.08308411048
8.09731375239
8.07772105443
8.11909457676
8.07912358925
8.06086012962
8.12532435394
8.07951651215
8.10329957007
8.10245199891
8.0576060466
8.12046430441
8.13687812142
8.11680746586
8.11724654825
8.12867593596
8.10478590855
8.11223442981
8.16809070821
8.14142444376
8.10961948668
8.13303872306
8.12277302969
8.07312091167
8.12683434374
8.08632880536
8.14823925025
8.09824084112
8.16656171438
8.1242125829
8.14176667655
8.15432282406
8.14792195272
8.12916982965
8.16627759066
8.18565353142
8.17829579625
8.20191199505
8.1000929468
8.161908921
8.15891015003
8.05229296309
8.10973647012
8.17386978377
8.08756194292
8.11799522057
8.10831385447
8.13533698893
8.08723648924
8.17634539271
8.12119403301
8.18609371134
8.12889036088
8.11730444928
8.12817872568
8.14112707846
8.04375914162
8.11082367714
8.11059051689
8.08123942529
8.07032455537
8.06751074109
8.08451575401
8.1063747777
8.11935400653
8.10967584649
8.16859705405
8.14275092586
8.15068451168
8.11557633666
8.17009590105
8.12626337657
8.13393364341
8.09665214045
8.08632599213
8.14861667295
8.12570771276
8.08645121039
8.12688888564
8.17428534722
8.09402567951
8.07183208027
8.14211221114
8.10648235805
8.11757014822
8.09380125353
8.09208331284
8.12436085484
8.08362962707
8.09686775866
8.15209290535
8.16017880804
8.14705107952
8.09965049368
8.12402938262
8.11124328787
8.10004944397
8.11831302673
8.12219304315
8.12326188382
8.05611278415
8.15061906121
8.16820123288
8.03195500024
8.10721941962
8.16636741302
8.18017592614
8.12159400112
8.13155251983
8.09225125875
8.14735869111
8.0756193147
8.133144403
8.15129250946
8.134510604
8.09462821605
8.18489490376
8.12863098058
8.08359644573
8.12700776029
8.18376791985
8.09673124017
8.1303971329
8.13000708482
8.11321297651
8.11821497056
8.11771192312
8.09993348255
8.14616310081
8.14533794213
8.14436724264
8.12080422235
8.1290375456
8.14234713216
8.09022960812
8.11626098496
8.14130282648
8.15253106055
8.06888355247
8.12782337752
8.13289684022
8.13076896332
8.1542046202
8.08205218478
8.15704009494
8.13961387756
8.10264768337
8.0962768032
8.11974181252
8.16514590394
8.1501171943
8.10391156048
8.14328609499
8.06668655185
8.16942264322
8.10176832034
8.10220470165
8.14237137479
8.09652858403
8.11918774646
8.1152641509
8.11457633423
8.07468584976
8.07732861985
8.12587096892
8.12289936883
8.10175509851
8.13202655479
8.17748434282
8.12967985804
8.16410533776
8.1271475854
8.1159994583
8.11698847258
8.14923757453
8.07235728297
8.11995983153
8.13138030668
8.17639043134
8.08127462435
8.13898975988
8.08045774968
8.12943236967
8.13563734231
8.10154068377
8.1294332227
8.07762960589
8.10286835061
8.13312567957
8.14229842669
8.11919270712
8.09778271581
8.15953039397
8.14658765758
8.11486149187
8.12093493181
8.08660368209
8.13888541272
8.07209182252
8.11639581084
8.09838570897
8.10269380418
8.09428173856
8.10539793699
8.1319226544
8.12185051561
8.096822471
8.11921142407
8.10740887654
8.15631064896
8.15071230577
8.09628080571
8.12077646483
8.13231342389
8.10931799451
8.1305087686
8.08781205644
8.10043761194
8.10430158821
8.10456712201
8.13723351929
8.1259788112
8.12099186074
8.05224994765
8.16290390888
8.12750228846
8.12127725806
8.09236861253
8.11431286767
8.12921207981
8.10343804218
8.03924188778
8.12227112679
8.06026971363
8.16607461633
8.15628252814
8.11031445313
8.05804076234
8.1247092147
8.10841634592
8.08616632076
8.15855032496
8.06848500234
8.14464268275
8.13226916414
8.14915698544
8.12662266829
8.15483240913
8.12254236906
8.10844974588
8.09990033744
8.13370716299
8.12365882916
8.08026452557
8.12776899311
8.12247448501
8.13393229151
8.12576312989
8.0403597949
8.09467029063
8.18540440532
8.14246230465
8.14186140649
8.10428866715
8.06954872382
8.14801147019
8.13043390646
8.14261757034
8.06451517806
8.08718377247
8.08511222959
8.09862835536
8.09339574286
8.12789344506
8.1231011739
8.11729591062
8.08118884425
8.11516436721
8.14095729537
8.09248170444
8.0943895208
8.13951134779
8.09569743892
8.11246242485
8.05739998582
8.159207539
8.072334198
8.07843027803
8.11359386722
8.11294096768
8.15264944318
8.13962976538
8.14705343352
8.1444862571
8.06545711509
8.10924189377
8.08894949765
8.08253707035
8.08047636049
8.11383824455
8.18585189129
8.136898205
8.07946957399
8.10347447074
8.1575947596
8.10574978775
8.13245289115
8.07637285053
8.13976158088
8.13943146537
8.15540261529
8.1074030452
8.11645180587
8.15510387105
8.05554838622
8.11446189627
8.15536929152
8.15707686921
8.06386171561
8.18131022376
8.16671497077
8.1717415616
8.13032352412
8.11018653575
8.06198935237
8.09251898011
8.11957704053
8.17506357694
8.13056084625
8.19399426665
8.09593177746
8.17194152524
8.13579911954
8.11176671718
8.11866299564
8.05827923407
8.11816246337
8.19148735002
8.11710173707
8.16883005981
8.10170692726
8.10740461509
8.1372675155
8.14697360215
8.07597178309
8.08145469918
8.08608598868
8.08299129767
8.11275042316
8.10544175951
8.08135330241
8.14361121324
8.07023350082
8.14460519238
8.12592017125
8.05901163665
8.15015362265
8.10499740948
8.11720311652
8.08026290022
8.15621795766
8.14361679679
8.09921998985
8.14922635565
8.13551119055
8.09283813765
8.12501597027
8.0462753505
8.14759714568
8.11348285139
8.07144138085
8.19292089307
8.13083464777
8.11398451112
8.13218393
8.12303446201
8.12140840366
8.12025954888
8.16311538496
8.13131447193
8.12320283778
8.16108359654
8.15197389963
8.10147220463
8.12362691746
8.12358402452
8.11158129382
8.11448330777
8.14570942598
8.09254842179
8.09218569457
8.13713303778
8.11051721542
8.13719495093
8.06898184094
8.16136395357
8.16325503208
8.17294001365
8.10478660377
8.11634851072
8.05877711613
8.12913142932
8.14307017867
8.12846444794
8.09714887486
8.06747129296
8.11250459881
8.06847162831
8.13178340731
8.14602958776
8.12648168569
8.1169697557
8.15963329001
8.09175334198
8.08106383019
8.10311088612
8.13999886543
8.10926533742
8.13439838315
8.16083489718
8.11817082678
8.07763612751
8.13151605283
8.10912647417
8.14218484176
8.10214306126
8.13459494106
8.11971860161
8.11123717012
8.1431652538
8.11637288627
8.08509662202
8.07901581563
8.13783683036
8.1236658677
8.12618277815
8.1120651988
8.10329967187
8.15299071123
8.1207236223
8.09933019227
8.15214512182
8.11574291979
8.16495492794
8.13664351417
8.13517103338
8.14246886462
8.10912831982
8.09200598267
8.09720989348
8.14353233306
8.08948575204
8.09594083296
8.10603887986
8.10389650047
8.10409800021
8.10026985562
8.11967423183
8.06945009357
8.11813331431
8.14650639814
8.15172015448
8.14192258088
8.11266400541
8.15306235915
8.11999308057
8.13280279443
8.05464725014
8.10557973785
8.09240697389
8.12690916327
8.13190503764
8.10942716592
8.13151001022
8.11629089572
8.06755440768
8.15765215456
8.07882085211
8.14657586336
8.05573676302
8.06526543834
8.1324058624
8.13655691891
8.10421305676
8.10996759071
8.12364648243
8.07587906288
8.12126079682
8.09637650976
8.14296526403
8.14174911456
8.15956856914
8.08151425855
8.11827496251
8.05426368457
8.12465166428
8.09220562216
8.09500562989
8.21095356329
8.11010870797
8.1195087016
8.06519273494
8.1041735977
8.15984049076
8.1490289924
8.11273370747
8.11334430886
8.13290235203
8.14525671171
8.16014141465
8.19336359985
8.12088033918
8.11679685795
8.1376524118
8.06963391094
8.13426701121
8.14221432945
8.13646490445
8.06386469124
8.10455399335
8.16959083791
8.11979950997
8.12287971418
8.11914002266
8.11217629138
8.14704840657
8.10105258753
8.08521870479
8.14969336763
8.07990649258
8.09016431933
8.10502786878
8.15500096144
8.17472681992
8.12308588725
8.15437522395
8.07387549584
8.10616995451
8.13076753873
8.13429035163
8.10152738104
8.08459782686
8.15230221221
8.15166611687
8.14648620776
8.14385522039
8.12330737211
8.11489953667
8.12808765016
8.13677934106
8.13174329832
8.07935249162
8.20008711387
8.12772965094
8.08829017587
8.1415710105
8.07983883421
8.12023037032
8.05772109133
8.08049052236
8.1429103015
8.10503026531
8.13607271016
8.11073033438
8.0855481167
8.10890655809
8.08179587186
8.12446937551
8.18049607538
8.04884213738
8.08210013286
8.11667944437
8.10504272538
8.12253985693
8.10360140557
8.12337363274
8.1212091055
8.15618817707
8.16675619501
8.10799463435
8.13017241003
8.10908273354
8.15320574128
8.15708139605
8.15260006689
8.07723248373
8.13190678907
8.08929346436
8.11700518097
8.12087121273
8.13193040217
8.13405385159
8.10848547168
8.08755964401
8.14678833663
8.1336234924
8.08279664464
8.18068926459
8.14184830883
8.13415351215
8.12600670442
8.07462312634
8.12556509372
8.14348956987
8.16999263902
8.13951447236
8.16185024818
8.13061569938
8.08530183698
8.0997513515
8.12621316844
8.15593387908
8.11648363779
8.1002550786
8.10992894461
8.04792280186
8.17409979721
8.13410112675
8.06733703484
8.11444198318
8.11834035871
8.13387419825
8.13224385992
8.1297506319
8.06906963366
8.09128524509
8.09364393424
8.1487168863
8.06553158494
8.09145941079
8.1351256213
8.08190699556
8.1089006764
8.11954112452
8.0471900358
8.16966299363
8.12465229641
8.09763671629
8.07567340783
8.07441121734
8.08477646966
8.11823102309
8.09943204695
8.09860892794
8.12565239743
8.15339626479
8.14375057182
8.12313433406
8.13260805342
8.11011953959
8.09476263792
8.09608606012
8.09643929529
8.1085815123
8.11715966773
8.13267323783
8.11279423317
8.17377876052
8.12382327757
8.1037922461
8.08165102145
8.12536799713
8.11869125804
8.08394821358
8.1785125857
8.17382246282
8.10582555068
8.11565262251
8.14647640253
8.11718407705
8.13132865736
8.07930140012
8.15793158788
8.1248538696
8.0900764001
8.09834178705
8.11189297589
8.13444272804
8.09976505753
8.10312072159
8.04096262614
8.12590432524
8.13172592508
8.08502216286
8.11833575264
8.11122504293
8.14978929172
8.1048309922
8.08950376607
8.11489197212
8.11659736493
8.13303771905
8.14067299446
8.14290408017
8.10686232479
8.09699114538
8.11315734951
8.16884801801
8.09051009103
8.10695676674
8.12544861159
8.0836607723
8.0553785456
8.13772795976
8.06067783012
8.11256030285
8.12762102549
8.09563549625
8.0441188955
8.11198391318
8.11533911042
8.08276633412
8.09283206113
8.11024126807
8.04268344056
8.12529795112
8.17052834713
8.114945349
8.11797753317
8.10708432657
8.10942382757
8.12434071587
8.18425326319
8.10897820167
8.16420681776
8.10051498608
8.14437164093
8.19760313314
8.0861663295
8.14202431618
8.09702444359
8.16776605082
8.121886842
8.12915116549
8.15760788573
8.1300442832
8.14294961216
8.11746763369
8.11777788902
8.08905538438
8.1239335077
8.12936232387
8.11532331848
8.14772571586
8.10462142152
8.04736900227
8.14625508004
8.06215426911
8.08555466298
8.14554750177
8.09835108723
8.16345363651
8.08378583716
8.10009194021
8.09313807185
8.06943182435
8.13334024873
8.12571183941
8.06457180713
8.09404467302
8.13327159935
8.15135339806
8.11299069007
8.08164016854
8.18368222103
8.11044425895
8.10823279739
8.08110287623
8.21601367972
8.15834502116
8.12768804401
8.10725419574
8.12842430101
8.12681739748
8.11928974159
8.12166254316
8.11991569171
8.10376631455
8.17030253693
8.10819418495
8.10482902429
8.0964655331
8.16968406618
8.08302753312
8.13421681013
8.10880118696
8.14787401291
8.07862918237
8.14404378423
8.06585841741
8.03167536397
8.14358573761
8.07648269978
8.16997947094
8.16199391995
8.13169896777
8.13466609913
8.12475574294
8.13748595129
8.12952471833
8.10368575759
8.19070038544
8.14583907476
8.17414757259
8.13858666589
8.04818895588
8.16203065702
8.10177214835
8.10703164937
8.11547646913
8.10130660048
8.09503719176
8.12194912862
8.16836120097
8.07955361525
8.10954249829
8.12120407332
8.09305953264
8.129594799
8.09998028706
8.12628675645
8.17414099214
8.13606423065
8.10170462566
8.13756042159
8.15146734632
8.13150508634
8.12692065896
8.1494055394
8.0859223209
8.14218806089
8.11670908676
8.16200174149
8.20930757816
8.09892859169
8.15982572526
8.11836633952
8.13170304507
8.13772551111
8.13160043814
8.12156339209
8.06789881567
8.11382620071
8.12501570796
8.11992831972
8.12358431606
8.11877705708
8.14472483898
8.15569766652
8.13885508378
8.15706886687
8.15200430534
8.0783084055
8.14678196971
8.18931700649
8.07069504256
8.02162508054
8.08187657016
8.06651147742
8.16251794567
8.09234133263
8.11727643974
8.15044433352
8.10366893693
8.13588365707
8.13640683767
8.15826224375
8.1612496933
8.168414811
8.10849198275
8.10930005671
8.13543382683
8.1074306312
8.10867770884
8.13082122404
8.1055783974
8.1442985552
8.09322830219
8.12233100382
8.14487389038
8.18333039444
8.10731917218
8.14818510743
8.09328459342
8.11267144682
8.15404999846
8.13499284849
8.11385847777
8.09120548323
8.14063213
8.1202342342
8.13633692997
8.07809691776
8.16617441501
8.12142515417
8.15752781472
8.12775912546
8.18470067522
8.10712653869
8.11002489848
8.07433221672
8.19702018303
8.1100398801
8.13657236871
8.13380757044
8.14631279983
8.20011737644
8.19156585002
8.18018778668
8.0602492353
8.12363659928
8.1302406242
8.15276506014
8.11928235358
8.12723794418
8.08826274659
8.09969070222
8.08390756226
8.10516691337
8.15441011323
8.1458573758
8.10330796871
8.14128368299
8.10582090093
8.1578966982
8.12328827575
8.13261129097
8.11823811412
8.10384529114
8.11438446833
8.12160496594
8.14033123452
8.14327244167
8.12956425347
8.14345332445
8.13553719488
8.15636754804
8.15047990301
8.16288884718
8.12275276897
8.11913914642
8.11189042916
8.16356051448
8.08550905629
8.14151692056
8.16015368877
8.13448347254
8.05773116362
8.13954937808
8.08936221903
8.13716629135
8.08020560881
8.1133361511
8.12537429994
8.15945448408
8.1097245953
8.10723756649
8.10634373027
8.09571045198
8.14551406051
8.10618468569
8.15541661217
8.10975971125
8.08948154711
8.18588872887
8.0847094498
8.15356972739
8.068114899
8.15828608916
8.11883638838
8.08280811958
8.13127269898
8.07949245545
8.20436770597
8.12326865607
8.15035506301
8.12586851503
8.10766256575
8.17957675353
8.15334378092
8.0637252378
8.13683150971
8.10418823306
8.12367697496
8.10033080368
8.13697351917
8.08622760948
8.12105204027
8.15849306375
8.18065276565
8.0856117235
8.12592098186
8.1749979832
8.13634902023
8.13547162705
8.12961669173
8.1348142796
8.13031766497
8.20484664619
8.1073123486
8.12081607493
8.12040280252
8.11413378457
8.10604954906
8.17410821685
8.0408245432
8.12585846097
8.13893263075
8.10201540144
8.10152008071
8.13411117297
8.08603794019
8.1509140042
8.15337535635
8.1332302499
8.10678341864
8.15248281742
8.13451652798
8.12230500067
8.14623765724
8.0968216709
8.1019317909
8.06763748989
8.08413029128
8.0847000312
8.1209829165
8.10441430156
8.14736992993
8.11613451722
8.1430050569
8.09984016229
8.12689684034
8.07252877965
8.14884123982
8.16622821219
8.13033760471
8.15177050176
8.10586615011
8.09551323638
8.18126722079
8.14167887203
8.15790797809
8.11110860106
8.16379922926
8.10603611188
8.11414929317
8.09401926578
8.11916441927
8.14293093406
8.08739526874
8.0947752845
8.09176867271
8.16456808838
8.14125282593
8.12818580841
8.1367543484
8.10408125631
8.10722329524
8.09821255381
8.04989545498
8.10272158304
8.13141033935
8.1668653418
8.18201025544
8.09455708715
8.1192163633
8.11237200818
8.12760071185
8.15539287668
8.08623586996
8.10233677418
8.08407997121
8.11764676471
8.13226091285
8.13522277236
8.15303587988
8.10484089799
8.1249679931
8.04089041003
8.18100499673
8.12058811851
8.16980551398
8.08726550821
8.11599096231
8.13238194763
8.12666250241
8.10965512949
8.13055722408
8.14622789504
8.14938576316
8.18258032576
8.11351197108
8.10794733645
8.17128736141
8.08235181611
8.11632757565
8.12212348799
8.15005200991
8.15814269975
8.13517360797
8.12754207654
8.19407387339
8.13500744935
8.0897009142
8.1824671886
8.11350361165
8.15761639058
8.13170103817
8.11064481686
8.1083799897
8.1312498471
8.11322266796
8.11665548659
8.15259727931
8.16717952687
8.08457265124
8.15792909824
8.14629626521
8.1457376593
8.12237810631
8.1136777927
8.08392786201
8.12020778919
8.08422245331
8.07073241478
8.10290712092
8.16598801961
8.11768430852
8.1253517483
8.11622467045
8.12947821356
8.14031469636
8.07944240925
8.16075265392
8.12202775324
8.10993568596
8.13987239608
8.17503293763
8.15247550384
8.09366152087
8.13656776153
8.09268839479
8.10349239535
8.14158291334
8.15530031504
8.09747898157
8.08212586128
8.09102326874
8.09738567207
8.081046369
8.10314803198
8.10368470914
8.1233258186
8.15141522494
8.12625129958
8.07451542812
8.105828144
8.15246046002
8.121250497
8.15994892511
8.07513619685
8.13279528143
8.13941598111
8.0805070588
8.09659193161
8.09339488725
8.15888097198
8.09273297148
8.14938364864
8.11301835013
8.15308136453
8.12477882654
8.11404848697
8.17386849021
8.07674796259
8.15742694785
8.0860908008
8.11330068273
8.13534001594
8.1373050138
8.09543393847
8.15597946854
8.10942741032
8.04940382844
8.14468359045
8.12799098128
8.12777456738
8.11884317288
8.13523240385
8.05363957515
8.10501739644
8.18963478822
8.08355698772
8.15317991594
8.12114913524
8.17564440376
8.12837478548
8.10864628022
8.0908363096
8.14208124924
8.13642331636
8.15196479853
8.12728353997
8.11871772703
8.09660027082
8.13470931524
8.1577871382
8.11287807047
8.10314980372
8.08028674152
8.13519726723
8.14515031688
8.09019280094
8.14285971385
8.15480551849
8.11337465926
8.15539242134
8.11518294105
8.10697418365
8.06345628108
8.10690786952
8.09859899624
8.18090930232
8.12201724681
8.13033693036
8.0837778045
8.13952286823
8.1108071902
8.11656642439
8.10495067835
8.12218526574
8.13591392274
8.09002145293
8.13980005782
8.11558745685
8.1297704549
8.12375171738
8.06656174707
8.12014865975
8.139987473
8.09301631195
8.1036725261
8.13754165862
8.1163031507
8.1403875865
8.09175735942
8.14364200341
8.11352651875
8.12604904172
8.12888184295
8.09783266586
8.1803610396
8.11681310375
8.16777648466
8.12134239338
8.09813459769
8.13753061277
8.16416908087
8.14923904386
8.12424969392
8.15193918987
8.1155519239
8.12190401876
8.15793131296
8.17007477305
8.10251771323
8.11439343832
8.20015570368
8.09051483828
8.13738371291
8.11519206653
8.09089652473
8.15470495056
8.13097424665
8.16493439017
8.08301623053
8.15070343696
8.08141605911
8.0867196781
8.20296659971
8.15451852922
8.11115294953
8.15394891909
8.13312142396
8.15865133833
8.16404921787
8.11182622731
8.16001072799
8.0933222248
8.09446499949
8.08536526925
8.16284333349
8.10030388675
8.18263050185
8.10221579545
8.07982878491
8.07569898425
8.15965229425
8.05761483886
8.1261424536
8.14650703562
8.11470818872
8.14246229983
8.06307724074
8.11660804486
8.16215325804
8.09543055627
8.14665497134
8.14832410897
8.11160691621
8.0710648014
8.12439402397
8.13998533325
8.14436196087
8.07697870887
8.10268829691
8.1360640697
8.07301565736
8.09555840841
8.10445365997
8.08595538241
8.13485749897
8.12444394016
8.1257783662
8.149904631
8.13216540482
8.11473769809
8.10862292203
8.07724815844
8.12438074975
8.0890512207
8.14998218698
8.14815351279
8.11736352368
8.11594609832
8.10875475866
8.10599237427
8.17765666687
8.07055207311
8.06307668019
8.11510936004
8.09078822812
8.13292144766
8.11896659852
8.09279788452
8.11331380645
8.12087796462
8.0750191066
8.09684386685
8.10147165349
8.10482620226
8.16240242722
8.05341713536
8.12088479229
8.09860144976
8.10694437029
8.11914792423
8.17314986585
8.10270469282
8.11263941601
8.08752033781
8.13669739176
8.14403436983
8.18160072467
8.09621597782
8.15620160899
8.14955574163
8.13345883041
8.16580660766
8.14468704318
8.0758892704
8.12064230117
8.11991352521
8.04654530349
8.16333782643
8.08179225393
8.19593223182
8.1550893358
8.12684780283
8.11933644753
8.13024367988
8.12000038134
8.1658585041
8.09826452206
8.08646817596
8.10431060269
8.05226374108
8.09433349786
8.16008401793
8.11581507977
8.0959780518
8.13022118597
8.1427665725
8.12112483132
8.2389262231
8.00316676951
8.26341306979
7.97460536796
8.28178206323
8.01008090238
8.25673027715
7.9782665502
8.23841764449
7.96825989192
