-1.12197351886 18.0340553447
5.82627331357 11.1584618566
4.07134746535 3.17780401923
0.116258553492 9.83970496606
8.75519098153 17.7555708526
2.71985809527 3.82711529236
-4.78104718816 20.1561985719
2.61965031232 43.4625738869
3.66601646854 11.3681917177
0.406035799829 4.24989851228
8.87538194355 6.07592867691
-0.840189394421 14.1562707141
4.43238172319 17.1276249435
3.2853809302 1.69533954026
1.5398783291 5.02149985526
-0.0274819018775 10.7725603553
6.97962223045 3.9081882289
0.834827300025 4.42206671846
1.23744007484 5.62131719887
4.80860337027 6.79679256984
4.55346933414 9.45137435649
3.86989855789 5.24743373503
4.25524635391 6.86599292591
5.78997200431 32.9733335342
2.97457374858 11.6507062434
1.87116767837 1.92326566756
2.67401743044 7.01714918533
3.64141446969 4.67803888022
-3.51422646112 6.85987163793
3.96448069286 7.84863460946
-0.2108745616 3.82924665813
2.35251927676 2.60071974837
4.65544778752 10.7224862879
1.57034141546 4.78065917228
4.37149516005 30.9047754802
9.321870736 14.0236618575
9.82484222218 5.18892491521
5.42193661099 20.6050671
1.07553173594 6.90742517813
3.75027531888 6.64554735524
-4.68474975247 5.36452449553
-1.52988219308 6.4009091797
7.31306895365 7.05527319578
2.67129993486 2.28283120756
0.957136218737 2.76433061878
-0.280785581258 9.19472269401
4.5481196924 10.2335240767
-0.074873926672 7.93345694898
1.95434891798 6.57785894423
1.69748748715 5.07295411014
-2.74775651233 9.24230157903
-1.47042798134 9.99317067324
8.89016695503 25.4079115081
2.07265077565 7.0082162738
8.62774154962 6.12295572044
2.31579879048 8.91561716135
0.580336516331 6.20004253611
1.90217996406 3.90723923287
-4.1715743723 28.4103861714
-3.51975754686 10.6578400137
5.97019546621 5.3525860377
3.30536052036 24.1279581776
1.10796453274 1.53015188791
3.99996454148 2.84564698322
11.8883160294 5.28874665774
-0.629614512395 11.2850480225
-0.681834417654 4.99617724967
5.83794818967 6.30185014125
2.93605817144 12.3481271688
6.17049357833 4.01063510943
-1.35167404739 15.2934955038
-0.865225243991 4.77525021517
-2.90947270352 6.38173499302
1.39722999652 19.9954730475
1.87610563583 6.60378316953
2.9088982819 7.02655352082
2.90492859244 11.066721448
3.60487285327 15.9751485246
9.64495140535 1.1019087266
4.36327740199 3.88078483557
-5.91144613511 7.23912267898
6.13837624476 4.35257684459
2.08059989152 3.1486016536
7.87088934786 0.987176608943
8.62234652226 2.95780329622
1.94064363371 13.4960735657
7.51743086927 9.9108764885
6.61567465097 4.75316467286
-0.969063286828 11.3349340058
8.19093281844 9.32137813859
7.40407760538 22.846866728
6.03753320406 4.50354110398
-3.32372729223 12.8531243874
10.9792761284 16.6487627855
-0.951037583203 15.6367141687
12.3940306147 17.1677749615
3.24002012431 10.4437269082
3.27667693242 21.1872869458
3.15198613747 15.5024471945
8.16661067128 6.8450565291
