# Size 	 Seconds
100 	 0
200 	 0
300 	 0
400 	 0
500 	 0
600 	 0
700 	 0
800 	 0
900 	 0
1000 	 0
1100 	 0
1200 	 0
1300 	 0
1400 	 0
1500 	 0
1600 	 0
1700 	 0
1800 	 1
1900 	 1
2000 	 1
2100 	 1
2200 	 1
2300 	 1
2400 	 1
2500 	 2
2600 	 2
2700 	 2
2800 	 2
2900 	 2
3000 	 2
3100 	 3
3200 	 3
3300 	 3
3400 	 3
3500 	 3
3600 	 4
3700 	 4
3800 	 4
3900 	 4
4000 	 5
4100 	 5
4200 	 5
4300 	 6
4400 	 6
4500 	 6
4600 	 7
4700 	 7
4800 	 7
4900 	 8
5000 	 8
5200 	 9
5300 	 10
5400 	 10
5500 	 11
5600 	 11
5700 	 12
5800 	 12
5900 	 12
6000 	 13
6100 	 14
6200 	 14
6300 	 15
6400 	 15
6500 	 16
6600 	 16
6700 	 17
6800 	 18
6900 	 18
7000 	 19
7100 	 20
7200 	 20
7300 	 21
7400 	 22
7500 	 23
7600 	 23
7700 	 24
7800 	 25
7900 	 26
8000 	 27
8100 	 28
8200 	 29
8300 	 31
8400 	 31
8500 	 33
8600 	 34
8700 	 35
8800 	 36
8900 	 38
9000 	 39
9100 	 40
9200 	 42
9300 	 43
9400 	 44
9500 	 45
9600 	 47
9700 	 48
9800 	 50
9900 	 51
10000 	 52
10200 	 55
10300 	 57
10400 	 59
10500 	 61
10600 	 63
10700 	 64
10800 	 66
10900 	 68
11000 	 70
11100 	 72
11200 	 74
11300 	 76
11400 	 78
11500 	 80
11600 	 82
11700 	 85
11800 	 87
11900 	 89
12000 	 91
12100 	 93
12200 	 95
12300 	 98
12400 	 100
12500 	 102
12600 	 104
12700 	 107
12800 	 109
12900 	 112
13000 	 115
13100 	 117
13200 	 120
13300 	 122
13400 	 125
13500 	 128
13600 	 132
13700 	 134
13800 	 138
13900 	 141
14000 	 144
14100 	 148
14200 	 151
14300 	 154
14400 	 156
14500 	 160
14600 	 164
14700 	 167
14800 	 170
14900 	 174
15000 	 177
15200 	 184
15300 	 187
15400 	 192
15500 	 196
15600 	 200
15700 	 205
15800 	 209
15900 	 213
16000 	 217
16100 	 221
16200 	 225
16300 	 229
16400 	 233
16500 	 237
16600 	 241
16700 	 245
16800 	 251
16900 	 255
17000 	 259
17100 	 264
17200 	 268
17300 	 273
17400 	 279
17500 	 284
17600 	 289
17700 	 294
17800 	 300
17900 	 307
18000 	 311
18100 	 316
18200 	 321
18300 	 327
18400 	 334
18500 	 339
18600 	 345
18700 	 352
18800 	 357
18900 	 363
19000 	 370
19100 	 376
19200 	 380
19300 	 387
19400 	 394
19500 	 400
19600 	 406
19700 	 413
19800 	 419
19900 	 425
20000 	 432
20200 	 444
20300 	 450
20400 	 456
20500 	 463
20600 	 470
20700 	 479
20800 	 486
20900 	 494
21000 	 501
21100 	 508
21200 	 515
21300 	 524
21400 	 530
21500 	 538
21600 	 545
21700 	 554
21800 	 560
21900 	 569
22000 	 575
22100 	 585
22200 	 591
22300 	 599
22400 	 605
22500 	 612
22600 	 619
22700 	 628
22800 	 635
22900 	 642
23000 	 650
23100 	 657
23200 	 666
23300 	 676
23400 	 687
23500 	 695
23600 	 703
23700 	 713
23800 	 720
23900 	 729
24000 	 736
24100 	 745
24200 	 755
24300 	 767
24400 	 777
24500 	 790
24600 	 800
24700 	 811
24800 	 821
24900 	 830
25000 	 840
25200 	 862
25300 	 873
25400 	 882
25500 	 892
25600 	 902
25700 	 911
25800 	 924
25900 	 935
26000 	 946
26100 	 957
26200 	 971
26300 	 982
26400 	 998
26500 	 1010
26600 	 1023
26700 	 1040
26800 	 1054
26900 	 1067
27000 	 1080
27100 	 1093
27200 	 1105
27300 	 1116
27400 	 1129
27500 	 1143
27600 	 1157
27700 	 1173
27800 	 1185
27900 	 1200
28000 	 1211
28100 	 1227
28200 	 1243
28300 	 1256
28400 	 1270
28500 	 1283
28600 	 1298
28700 	 1313
28800 	 1332
28900 	 1344
29000 	 1358
29100 	 1376
29200 	 1397
29300 	 1415
29400 	 1428
29500 	 1447
29600 	 1462
29700 	 1480
29800 	 1495
29900 	 1516
30000 	 1534
30200 	 1568
30300 	 1591
30400 	 1606
30500 	 1622
30600 	 1639
30700 	 1658
30800 	 1673
30900 	 1691
31000 	 1709
31100 	 1729
31200 	 1746
31300 	 1764
31400 	 1784
31500 	 1807
31600 	 1830
31700 	 1849
31800 	 1866
31900 	 1887
32000 	 1904
32100 	 1923
32200 	 1949
32300 	 1968
32400 	 1989
32500 	 2006
32600 	 2025
32700 	 2043
32800 	 2065
32900 	 2080
33000 	 2098
33100 	 2117
33200 	 2138
33300 	 2165
33400 	 2192
33500 	 2212
33600 	 2232
33700 	 2255
33800 	 2276
33900 	 2296
34000 	 2316
34100 	 2338
34200 	 2359
34300 	 2384
34400 	 2407
34500 	 2426
34600 	 2453
34700 	 2478
34800 	 2498
34900 	 2522
35000 	 2540
35100 	 2562
35200 	 2582
35300 	 2609
35400 	 2633
35500 	 2657
35600 	 2680
35700 	 2709
35800 	 2731
35900 	 2757
36000 	 2780
36100 	 2808
36200 	 2826
36300 	 2851
36400 	 2873
36500 	 2902
36600 	 2928
36700 	 2951
36800 	 2976
36900 	 3004
37000 	 3025
37100 	 3052
37200 	 3074
37300 	 3101
37400 	 3119
37500 	 3142
37600 	 3166
37700 	 3193
37800 	 3219
37900 	 3248
38000 	 3271
38100 	 3295
38200 	 3316
38300 	 3338
38400 	 3364
38500 	 3386
38600 	 3416
38700 	 3447
38800 	 3473
38900 	 3495
39000 	 3519
39100 	 3553
39200 	 3577
39300 	 3610
39400 	 3636
39500 	 3662
39600 	 3690
39700 	 3721
39800 	 3745
39900 	 3770
40000 	 3799
40200 	 3849
40300 	 3873
40400 	 3900
40500 	 3933
40600 	 3965
40700 	 3996
40800 	 4026
40900 	 4049
41000 	 4077
41100 	 4111
41200 	 4140
41300 	 4171
41400 	 4205
41500 	 4234
41600 	 4262
41700 	 4293
41800 	 4314
41900 	 4344
42000 	 4382
42100 	 4417
42200 	 4448
42300 	 4476
42400 	 4506
42500 	 4536
42600 	 4568
42700 	 4598
42800 	 4633
42900 	 4663
43000 	 4688
43100 	 4717
43200 	 4746
43300 	 4785
43400 	 4819
43500 	 4849
43600 	 4880
43700 	 4908
43800 	 4935
43900 	 4971
44000 	 5007
44100 	 5037
44200 	 5072
44300 	 5111
44400 	 5141
44500 	 5173
44600 	 5202
44700 	 5232
44800 	 5262
44900 	 5296
45000 	 5332
45200 	 5396
45300 	 5435
45400 	 5461
45500 	 5496
45600 	 5523
45700 	 5555
45800 	 5591
45900 	 5633
46000 	 5658
46100 	 5689
46200 	 5724
46300 	 5754
46400 	 5794
46500 	 5831
46600 	 5859
46700 	 5903
46800 	 5933
46900 	 5963
47000 	 5994
47100 	 6025
47200 	 6056
47300 	 6093
47400 	 6119
47500 	 6153
47600 	 6193
47700 	 6229
47800 	 6268
47900 	 6306
48000 	 6338
48100 	 6369
48200 	 6413
48300 	 6454
48400 	 6492
48500 	 6531
48600 	 6565
48700 	 6602
48800 	 6637
48900 	 6671
49000 	 6721
49100 	 6757
49200 	 6788
49300 	 6822
49400 	 6858
49500 	 6896
49600 	 6933
49700 	 6966
49800 	 7004
49900 	 7043
50000 	 7083
