# For log-scale demo
0	0.50
1	0.70
2	0.60
3	0.70
4	0.90
5	1.37
6	1.39
7	1.29
8	1.26
9	1.25
10	1.26
11	1.29
12	1.34
13	1.39
14	1.63
15	1.75
16	2.57
17	2.61
18	2.63
19	2.72
20	2.60
21	2.30
22	2.50
23	3.36
24	3.57
25	3.95
26	4.60
27	5.11
28	5.05
29	5.21
30	5.56
31	7.26
32	7.78
33	9.28
34	9.65
35	11.06
36	11.36
37	11.51
38	11.65
39	11.78
40	11.89
41	12.98
42	13.54
43	13.91
44	14.40
45	14.62
46	14.56
47	14.64
48	14.75
49	15.07
50	16.26
51	16.42
52	16.26
53	17.52
54	20.04
55	28.27
56	35.59
57	36.21
58	38.44
59	42.53
60	53.96
61	73.27
62	72.23
63	70.88
64	96.04
65	102.68
66	105.24
67	108.77
68	103.18
69	92.55
70	84.40
71	82.26
72	82.26
73	100.17
74	134.48
75	147.37
76	151.11
77	151.41
78	154.12
79	144.35
80	128.95
81	149.36
82	192.35
83	234.35
84	296.83
85	319.29
86	325.00
87	340.00
88	376.19
89	438.10
90	486.67
91	480.95
92	496.19
93	529.52
94	691.43
95	740.95
96	883.81
97	1053.33
98	1096.19
99	1109.52
100	1519.05
