1e-06 0.176462243197 0.538268857629 1.21778930597 12.815511558
0.25 0.0643692901927 0.163652002803 0.281362819404 0.63629436112
0.5 0.0237826634895 0.0580302866775 0.0954603378382 0.19314718056
0.75 0.0052086087822 0.0123857621304 0.019839054603 0.0376820724518
1.0 -0.0 -0.0 -0.0 -0.0
1.25 0.00429052784074 0.00986209611785 0.0152684114959 0.0268564486858
1.5 0.0158950178996 0.0360840148202 0.0551882186447 0.0945348918918
1.75 0.0334147874222 0.075054049627 0.113614200134 0.190384212065
2.0 0.0558812644451 0.124356621856 0.186577207212 0.30685281944
2.25 0.0825860471588 0.182276302792 0.271340552915 0.439069783784
2.5 0.112989713542 0.24753986048 0.365924407784 0.583709268126
2.75 0.146668581897 0.319169633107 0.468842608666 0.738399088322
3.0 0.183281586305 0.396394412392 0.578946407203 0.901387711332
3.25 0.222548613714 0.478592365858 0.695326462807 1.07134500366
3.5 0.264235755773 0.565252902651 0.817248585768 1.2472370315
3.75 0.308144930028 0.655950293609 0.944110043464 1.42824416002
4.0 0.354106370088 0.750324882016 1.0754089265 1.61370563888
4.25 0.401973061523 0.848069364082 1.21072210478 1.80308101706
4.5 0.451616534332 0.948918554302 1.34968900484 1.99592260322
4.75 0.502923624146 1.05264160664 1.49199943564 2.19185538195
5.0 0.555793939813 1.15903600442 1.63738429404 2.39056208757
5.25 0.610137855656 1.26792284874 1.78560836005 2.5917719234
5.5 0.665874899878 1.37914311655 1.93646463541 2.79525190776
5.75 0.722932446493 1.49255465404 2.08976984046 3.00080014519
6.0 0.781244642892 1.60802973518 2.24536079245 3.20824053077
6.25 0.840751522556 1.72545306025 2.40309146358 3.41741853625
6.5 0.901398264822 1.84472010058 2.5628305693 3.6281978231
6.75 0.963134572612 1.96573571872 2.72445957458 3.84045749512
7.0 1.02591414565 2.08841300979 2.88787103326 4.05408985094
7.25 1.08969423164 2.21267232179 3.0529671947 4.26899853113
7.5 1.15443524156 2.33844042218 3.21965882732 4.48509697946
7.75 1.22010041812 2.46564978471 3.38786421899 4.70230715663
8.0 1.28665554849 2.59423797585 3.55750832303 4.92055845832
8.25 1.35406871426 2.72414712417 3.72852202462 5.13978679965
8.5 1.42231007278 2.85532345947 3.90084150763 5.3599338365
8.75 1.4913516652 2.98771691047 4.07440770556 5.58094629963
9.0 1.56116724715 3.12128075239 4.24916582328 5.80277542266
9.25 1.63173213896 3.25597129689 4.42506491888 6.02537644848
9.5 1.7030230927 3.39174761834 4.60205753652 6.24870820139
9.75 1.77501817363 3.52857131122 4.78009938296 6.47273271499
