0.00 	 1.01273 	 1.24
0.04 	 1.00182 	 1.15
0.08 	 1.03273 	 1.20
0.12 	 1.12727 	 1.32
0.16 	 1.32003 	 1.39
0.20 	 1.43818 	 1.68
0.24 	 1.49273 	 1.59
0.28 	 1.49091 	 1.43
0.32 	 1.50727 	 1.50
0.36 	 1.67455 	 1.41
0.40 	 1.80182 	 1.28
0.44 	 1.84002 	 1.00
0.48 	 1.85091 	 1.15
0.52 	 1.90364 	 1.12
0.56 	 1.81273 	 1.14
0.60 	 1.59273 	 1.00
0.64 	 1.32545 	 0.90
0.68 	 1.05636 	 0.80
0.72 	 0.95636 	 0.87
0.76 	 0.92182 	 0.85
0.80 	 0.91573 	 0.84
0.84 	 0.9452 	 0.86
0.88 	 0.84023 	 0.91
0.92 	 0.86545 	 0.99
0.96 	 0.88182 	 1.02
1.00 	 0.87091 	 1.01

