-10 0.0445441039423535
-9.75 0.0423335085220186
-9.5 0.0401160605122593
-9.25 0.0378945853356644
-9 0.0356725077190434
-8.75 0.0334539789846631
-8.5 0.0312440356719529
-8.25 0.0290487986765219
-8 0.0268757253260756
-7.75 0.0247339314125356
-7.5 0.0226346068593776
-7.25 0.0205915585350605
-7 0.0186219285588505
-6.75 0.0167471593881452
-6.5 0.0149943134575606
-6.25 0.0133979150086415
-6 0.012002583599368
-5.75 0.0108669093542836
-5.5 0.0100693557757026
-5.25 0.00971763588604579
-5 0.00996439236734334
-4.75 0.0110351558731161
-4.5 0.0132824129680189
-4.25 0.0173018100532659
-4 0.024220300927457
-3.75 0.0365757602929715
-3.5 0.0621113820188032
-3.25 0.151157999675566
-3 0.142741121902409
-2.75 0.101086076374784
-2.5 0.10901760213169
-2.25 0.132817680729742
-2 0.168447849343828
-1.75 0.216962464804893
-1.5 0.281798794255377
-1.25 0.368176196668876
-1 0.482069886472817
-0.75 0.626399169348524
-0.5 0.790852270564037
-0.25 0.936568368218949
0 1
0.25 0.945848119133178
0.5 0.809411786380531
0.75 0.654233722453111
1 0.519158836581446
1.25 0.414461202536935
1.5 0.337142159848525
1.75 0.281064747316713
2 0.240673525716443
2.25 0.211785899660344
2.5 0.191472978058976
2.75 0.17777581374921
3 0.169473639391939
3.25 0.16595573237285
3.5 0.167224273784863
3.75 0.174108243432999
4 0.188963292684534
4.25 0.217897214161241
4.5 0.279680115671517
4.75 0.46623791804582
5.25 -0.117361678435608
5.5 0.0947275783242046
5.75 0.163508313559732
6 0.197741537003712
6.25 0.218443121793364
6.5 0.232502106198858
6.75 0.242833533784143
7 0.250877499450521
7.25 0.257424137542791
7.5 0.262941234129099
7.75 0.267722219737709
8 0.271959730939604
8.25 0.275784983636786
8.5 0.279290129449234
8.75 0.282541577473839
9 0.285588258038457
9.25 0.288466926167486
9.5 0.291205665868351
9.75 0.293826264854243
10 0.296345859803872
