0 1.04
1 1.05788
2 1.12219
3 1.03859
4 1.0418
5 1.07074
6 1.07717
7 1.03215
8 0.932476
9 0.948553
10 0.954984
11 1.01608
12 0.993569
13 0.996785
14 0.990354
15 0.983923
16 0.945338
17 0.958199
18 1.01286
19 0.971061
20 0.961415
21 0.967846
22 0.945338
23 0.848875
24 0.749196
25 1
26 1.03215
27 0.954984
28 0.954984
29 1.00965
30 1.07074
31 1.04823
32 0.983923
33 0.942122
34 0.88746
35 0.919614
36 0.919614
37 0.958199
38 0.926045
39 1.00322
40 0.948553
41 0.909968
42 0.974277
43 1.08682
44 1.02572
45 1.00965
46 0.958199
47 1.03859
48 1.04823
49 1.01929
50 0.977492
51 0.884244
52 0.932476
53 0.987138
54 0.980707
55 1.00322
56 1
57 0.96463
58 0.977492
59 0.951768
60 0.839228
61 1.03215
62 1.09325
63 1.03537
64 0.913183
65 0.954984
66 1.06752
67 1.08039
68 1.01929
69 1.03215
70 1.00643
71 1
72 1.07395
73 1.09003
74 1.12219
75 1.04823
76 1.10932
77 1.06431
78 0.954984
79 1.02251
80 1.06431
81 1.00965
82 0.942122
83 0.958199
84 1.06752
85 1.06109
86 1.03537
87 1.01286
88 0.987138
89 0.951768
90 0.961415
91 1.03537
92 1.00322
93 1.05145
94 1.02251
95 1.07395
96 1.05145
97 0.996785
98 0.983923
99 1.01286
100 1.09646
