# Day 	 Temp	Dew	Cloud	Visib	Wind	Direct	Press 	 Trend
1 	 14.3	14	20	7	0	0	1007.6	 dn
2 	 14.3	14	80	2.5	7	0	1006.4	 up
3 	 13.8	13.5	70	10	6	150	1006.4	 dn
4 	 14.3	13.9	50	10	8	190	1009.6	 --
5 	 14.3	13.9	10	10	6	170	1012  	 dn
6 	 12.4	11.8	80	1.75	6	210	1008.2	 up
7 	 12.4	11.5	90	2.5	3	190	1005.8	 dn
8 	 12.7	12.2	100	2.5	6	210	1007.8	 --
9 	 12.7	12.7	100	1.25	7	170	1009.1	 dn
10 	 12.7	12.5	100	0.25	6	150	1008  	 --
11 	 12.7	12.6	80	0.25	9	340	1006.6	 --
12 	 13	12.8	90	0.25	9	330	1007.6	 up
13 	 12.4	12	80	1.25	0	330	1009.9	 dn
14 	 12.4	11.8	40	2.5	0	330	1009.7	 up
15 	 12.4	12	20	9	9	320	1009.1	 dn
16 	 11.9	11.9	30	10	14	330	1007.1	 --
17 	 9.6	8.3	0	10	13	320	1005.2	 --
18 	 9.1	7	0	10	22	0	1007.5	 --
19 	 9.1	7	0	10	24	340	1010.2	 dn
20 	 8.8	7.2	0	10	17	330	1010.1	 --
21 	 8.5	7	10	10	13	340	1010.5	 --
22 	 7.5	6.1	0	10	13	320	1010.6	 up
23 	 7.5	6	0	10	21	320	1009.8	 dn
24 	 7.2	5.6	0	10	24	330	1010.4	 dn
25 	 8	5.6	30	10	20	340	1012.7	 --
26 	 9.3	6.7	0	10	15	0	1013.4	 dn
27 	 10.3	6.7	0	10	17	0	1012.7	 up
28 	 11.1	6.1	10	10	22	360	1010.8	 dn
29 	 9.2	2.8	40	10	17	340	1010  	 --
30 	 9.1	4.4	20	10	26	350	1012.1	 dn
31 	 7.3	3.9	60	10	23	360	1012.2	 up
