1	37954
2	82004
3	138804
4	69742
5	89994
6	122960
7	205521
8	140829
9	73520
10	165318
11	102277
12	95144
13	64553
14	69306
15	124080
16	114281
17	81758
18	63134
19	165628
20	94320
21	158725
22	128546
23	68262
24	142799
25	125767
26	150320
27	140149
28	136041
29	100979
30	215650
31	217176
32	225907
33	209892
34	298902
35	255436
36	278175
37	81321
38	63644
39	55054
40	82251
41	128090
42	75163
43	25657
44	30020
45	17262
46	24611
47	6142
48	3580
49	10906
50	4861
51	13243
52	7734
53	4449
54	15067
55	4419
56	3735
57	4162
58	8940
59	11113
60	3202
61	2438
62	3473
63	1838
64	2342
65	3123
66	5565
67	6649
68	5559
69	8289
70	3883
71	4200
72	3806
73	3224
74	2273
75	14880
76	2802
77	4988
78	5788
79	4840
80	5947
81	5418
82	3131
83	3514
84	3572
85	4055
86	4253
87	9941
88	11171
89	4737
90	2606
91	2358
92	8559
93	4022
94	13949
95	10775
96	8067
97	15045
98	11392
99	7356
100	8555
101	4986
102	3796
103	3255
104	4687
105	5168
106	4375
107	5211
108	5799
109	9798
110	4731
111	4513
112	4016
113	13221
114	3829
115	3800
116	8897
117	3966
118	6757
119	2802
120	3037
121	5806
122	3912
123	2641
124	16816
125	21021
126	9929
127	9586
128	6017
129	30075
130	6189
131	12851
132	8708
133	42458
134	41977
135	32941
136	43086
137	94080
138	82065
139	68338
140	153854
141	34498
142	127156
143	96362
144	26164
145	43197
146	27237
147	41493
148	40428
149	81360
150	20148
151	36868
152	44616
153	37786
154	27289
155	37510
156	54471
157	36016
158	129644
159	38768
160	74348
161	112860
162	88736
163	159680
164	70986
165	93066
166	116431
167	72511
168	103767
169	59797
170	89230
171	175584
172	193199
173	96731
174	144494
175	65044
176	104433
177	178714
178	106428
179	169764
180	159158
181	121000
182	230798
183	165364
184	82540
185	271212
186	266265
187	247641
188	167276
189	185776
190	86149
191	303378
192	330883
193	101228
194	64980
195	67016
196	62708
197	57577
198	76407
199	13450
200	19681
201	10358
202	17652
203	10188
204	14203
205	17513
206	13098
207	8176
208	8873
209	9051
210	24694
211	7978
212	19610
213	16057
214	15359
215	11549
216	6208
217	23588
218	9042
219	4379
220	4578
221	21843
222	14419
223	6423
224	8669
225	7605
226	16223
227	9345
228	89047
229	52092
230	3227
231	4204
232	2817
233	4978
234	6517
235	4937
236	5807
237	4795
238	3345
239	6250
240	5842
241	2994
242	7605
243	5642
244	5046
245	5793
246	5892
247	3914
248	2376
249	3526
250	4192
251	2780
252	3120
253	2675
254	2515
255	12075
256	5304
257	3130
258	2578
259	2497
260	10527
261	11164
262	4619
263	5580
264	8529
265	10464
266	4704
267	3267
268	3076
269	4101
270	2362
271	2142
272	3353
273	2822
274	4019
275	1688
276	3415
277	13434
278	3428
279	2819
280	3470
281	3148
282	4055
283	4657
284	9929
285	6363
286	5672
287	3932
288	4103
289	2032
290	2634
291	5729
292	4860
293	4882
294	13182
295	3130
296	10369
297	7183
298	4069
299	7524
300	7199
301	47295
302	28158
303	68889
304	58305
305	29061
306	78370
307	58756
308	95368
309	62087
310	40337
311	125293
312	54020
313	85264
314	41438
315	29652
316	29191
317	39038
318	66775
319	18227
320	11682
321	89090
322	37246
323	25891
324	82314
325	33532
326	38242
327	79513
328	77907
329	51284
330	246379
331	103916
332	60446
333	130093
334	255146
335	172982
336	67409
337	47758
338	285078
339	109935
340	70323
341	117875
342	296644
343	122526
344	50370
345	130479
346	157238
347	305990
348	168421
349	118667
350	85272
351	158942
352	172983
353	47021
354	264910
355	139251
356	92207
357	125702
358	107227
359	98903
360	60826
361	56996
362	28317
363	44669
364	26201
365	43923
